Date    MAXT(C)    MINT (C)    RH1(%)    RH2 (%)    WS (kmph)    RF (mm)    SS (hr)    EVP (mm)
2012-09-06    29.0    23.0    87.0    60.0    10.8    0.0    5.0    3.0
2012-09-13    29.0    21.8    91.0    60.0    5.8    10.2    2.5    2.5
2012-09-21    31.5    22.5    92.0    64.0    2.1    0.8    5.7    3.0
2012-10-11    32.0    17.0    80.0    38.0    2.6    0.0    9.4    3.8
2012-10-21    27.5    20.1    91.0    70.0    3.1    13.6    0.0    3.5
2012-10-31    29.0    15.1    77.0    53.0    3.7    0.0    7.5    3.7
2012-11-07    30.0    18.1    91.0    48.0    0.6    0.0    8.2    3.3
2013-03-18    35.0    17.1    52.0    25.0    4.2    0.0    9.0    5.0
2015-09-19    31.0    22.0    95.0    66.0    1.3    23.8    5.4    3.0
