Date    MAXT(C)    MINT (C)    RH1(%)    RH2 (%)    WS (kmph)    RF (mm)    SS (hr)    EVP (mm)
2012-10-01    30.5    22.0    93.0    72.0    1.9    5.0    6.1    2.7
2012-10-22    28.5    21.1    91.0    56.0    4.0    0.0    2.1    3.0
2012-11-03    24.0    20.6    100.0    84.0    1.4    12.0    0.0    1.1
2012-11-09    29.5    17.1    91.0    56.0    1.0    0.0    4.9    3.0
2012-11-11    28.5    15.1    90.0    45.0    2.3    0.0    8.5    3.0
2012-12-03    29.0    13.1    73.0    46.0    2.6    0.0    9.1    3.3
2007-01-19    30.0    13.2    89.0    31.0    4.3    0.0    8.6    3.5
2015-10-10    34.0    23.0    81.0    50.0    0.0    0.0    8.1    5.2
2015-10-11    33.0    22.0    84.0    49.0    0.5    0.0    8.0    4.5
