1e-05	5.0	5.0	0.349986094395	0.0622577999571
1e-05	5.0	10.0	0.395591346964	0.0233396905968
1e-05	5.0	15.0	0.38916906274	0.0217603554547
1e-05	5.0	20.0	0.399295045198	0.0068449824859
1e-05	5.0	25.0	0.403201152881	0.0200288394169
1e-05	5.0	30.0	0.400389348164	0.0306465223291
1e-05	5.0	35.0	0.403536525434	0.0160315806669
1e-05	5.0	40.0	0.39515249184	0.00861431239266
1e-05	5.0	45.0	0.403009578963	0.0245465780166
1e-05	5.0	50.0	0.404277337214	0.00551247495902
1e-05	10.0	5.0	0.394448877839	0.0267020751986
1e-05	10.0	10.0	0.405257983913	0.0186725181835
1e-05	10.0	15.0	0.404017995309	0.0143325139386
1e-05	10.0	20.0	0.409194827117	0.0152356911526
1e-05	10.0	25.0	0.406184200295	0.0124833834685
1e-05	10.0	30.0	0.414530631501	0.0160683494907
1e-05	10.0	35.0	0.42148819508	0.0128393946526
1e-05	10.0	40.0	0.413970134168	0.0113543163993
1e-05	10.0	45.0	0.417440686481	0.0150146403402
1e-05	10.0	50.0	0.41548793309	0.0200414602446
1e-05	15.0	5.0	0.383455399783	0.0321048665997
1e-05	15.0	10.0	0.411313046881	0.0151909802377
1e-05	15.0	15.0	0.418671952151	0.0137438752823
1e-05	15.0	20.0	0.408735404647	0.00922256762717
1e-05	15.0	25.0	0.415281231985	0.0128143401964
1e-05	15.0	30.0	0.422361564603	0.0135596330889
1e-05	15.0	35.0	0.425422369372	0.0134183531611
1e-05	15.0	40.0	0.419580986966	0.00573383627548
1e-05	15.0	45.0	0.420585169464	0.015790356697
1e-05	15.0	50.0	0.423251256373	0.0171728901382
1e-05	20.0	5.0	0.399619138441	0.0176108694996
1e-05	20.0	10.0	0.412531315697	0.0104331688832
1e-05	20.0	15.0	0.4128561393	0.0201912169976
1e-05	20.0	20.0	0.42179024159	0.0070048355053
1e-05	20.0	25.0	0.424130283577	0.0107858887437
1e-05	20.0	30.0	0.423275445909	0.0119973263605
1e-05	20.0	35.0	0.428270401109	0.0104124335306
1e-05	20.0	40.0	0.428114890519	0.0146605087503
1e-05	20.0	45.0	0.432017260732	0.0143630194944
1e-05	20.0	50.0	0.434519048407	0.00701352009342
1e-05	25.0	5.0	0.381172785144	0.0425989716496
1e-05	25.0	10.0	0.418825413684	0.009809924639
1e-05	25.0	15.0	0.419250055245	0.0121141182921
1e-05	25.0	20.0	0.424973224823	0.0122284118904
1e-05	25.0	25.0	0.417534291098	0.0110648063135
1e-05	25.0	30.0	0.426242286232	0.0168761660041
1e-05	25.0	35.0	0.422684334808	0.00880890398986
1e-05	25.0	40.0	0.419286635815	0.0108024107617
1e-05	25.0	45.0	0.429447233491	0.0171682603625
1e-05	25.0	50.0	0.432501310942	0.0138490203308
1e-05	30.0	5.0	0.401596573949	0.0310725275459
1e-05	30.0	10.0	0.421519276308	0.0132968556061
1e-05	30.0	15.0	0.421202530098	0.0195951988633
1e-05	30.0	20.0	0.427146960792	0.0113096119163
1e-05	30.0	25.0	0.426784842719	0.017146535062
1e-05	30.0	30.0	0.421144838305	0.0148190574938
1e-05	30.0	35.0	0.42944287643	0.0154614658964
1e-05	30.0	40.0	0.424591770024	0.0118374038415
1e-05	30.0	45.0	0.431171386257	0.0116345023368
1e-05	30.0	50.0	0.436064259572	0.0165621217178
1e-05	35.0	5.0	0.410957652481	0.0112186088841
1e-05	35.0	10.0	0.41842561063	0.0140733913577
1e-05	35.0	15.0	0.426332137954	0.012320512133
1e-05	35.0	20.0	0.434935709963	0.0143740236094
1e-05	35.0	25.0	0.425401008726	0.0142905961075
1e-05	35.0	30.0	0.430634777027	0.0147083440941
1e-05	35.0	35.0	0.42965119511	0.00604621056804
1e-05	35.0	40.0	0.431007972709	0.0142265233289
1e-05	35.0	45.0	0.423675274575	0.0137008576051
1e-05	35.0	50.0	0.437616188303	0.00797688072124
1e-05	40.0	5.0	0.414840988253	0.00894653046207
1e-05	40.0	10.0	0.417880328037	0.0124329354341
1e-05	40.0	15.0	0.421033037352	0.0131727415972
1e-05	40.0	20.0	0.427192608993	0.0151573194022
1e-05	40.0	25.0	0.430761169361	0.0147546553628
1e-05	40.0	30.0	0.427688693634	0.0161044802146
1e-05	40.0	35.0	0.437300612426	0.0128847515874
1e-05	40.0	40.0	0.441649973217	0.0100334621459
1e-05	40.0	45.0	0.436877511842	0.0131640953074
1e-05	40.0	50.0	0.435390942873	0.00464215432742
1e-05	45.0	5.0	0.409261935554	0.0154854350237
1e-05	45.0	10.0	0.420091259558	0.0148272982319
1e-05	45.0	15.0	0.422234130684	0.0194565666391
1e-05	45.0	20.0	0.419759934774	0.0142129581255
1e-05	45.0	25.0	0.4329318046	0.0170952352934
1e-05	45.0	30.0	0.421903134148	0.0140339903751
1e-05	45.0	35.0	0.43110574206	0.0101990013814
1e-05	45.0	40.0	0.433240713898	0.00695191780491
1e-05	45.0	45.0	0.435118199899	0.014075219203
1e-05	45.0	50.0	0.436506119464	0.0180885752742
1e-05	50.0	5.0	0.414904834779	0.0123756386743
1e-05	50.0	10.0	0.420259403655	0.0161398593938
1e-05	50.0	15.0	0.427114202667	0.0128589589674
1e-05	50.0	20.0	0.42619827019	0.0116085033548
1e-05	50.0	25.0	0.430309546588	0.0144844178389
1e-05	50.0	30.0	0.428979995741	0.0150141703112
1e-05	50.0	35.0	0.434191114281	0.0165746867108
1e-05	50.0	40.0	0.423173796471	0.0101591543026
1e-05	50.0	45.0	0.435534788263	0.0119375984977
1e-05	50.0	50.0	0.442559635821	0.0138580549308
0.0001	5.0	5.0	0.386006691059	0.044248482815
0.0001	5.0	10.0	0.397746481514	0.0170479491507
0.0001	5.0	15.0	0.366705459298	0.060347532499
0.0001	5.0	20.0	0.404950181368	0.0265339769007
0.0001	5.0	25.0	0.400826472292	0.0118964820801
0.0001	5.0	30.0	0.402127168625	0.00980417835909
0.0001	5.0	35.0	0.391859225108	0.0295536068261
0.0001	5.0	40.0	0.397752066953	0.021051536866
0.0001	5.0	45.0	0.407164156829	0.019986649703
0.0001	5.0	50.0	0.400036381745	0.0208666623705
0.0001	10.0	5.0	0.376763820001	0.0404286845182
0.0001	10.0	10.0	0.408350881903	0.0233802229755
0.0001	10.0	15.0	0.398617201669	0.00870914030832
0.0001	10.0	20.0	0.421619314769	0.017232544508
0.0001	10.0	25.0	0.414832001438	0.00906087764746
0.0001	10.0	30.0	0.4153161816	0.0152645626409
0.0001	10.0	35.0	0.424004869248	0.00743064093941
0.0001	10.0	40.0	0.418803787518	0.0107792701171
0.0001	10.0	45.0	0.420649564953	0.0143698114031
0.0001	10.0	50.0	0.419706304579	0.0130858177659
0.0001	15.0	5.0	0.410792745888	0.00710404605228
0.0001	15.0	10.0	0.40601352242	0.00832754354089
0.0001	15.0	15.0	0.400393454469	0.0131690097654
0.0001	15.0	20.0	0.417964791929	0.0165933829478
0.0001	15.0	25.0	0.412424776405	0.0212841160612
0.0001	15.0	30.0	0.421094513622	0.0183655380637
0.0001	15.0	35.0	0.419803721273	0.0134123213194
0.0001	15.0	40.0	0.420567731204	0.00969888095888
0.0001	15.0	45.0	0.42187252436	0.0124901853532
0.0001	15.0	50.0	0.424673445434	0.0183367134816
0.0001	20.0	5.0	0.406491403103	0.0129456589504
0.0001	20.0	10.0	0.425383779579	0.0081741529205
0.0001	20.0	15.0	0.412992349143	0.00779508780654
0.0001	20.0	20.0	0.422316702498	0.0138624952322
0.0001	20.0	25.0	0.42899079183	0.0152274836521
0.0001	20.0	30.0	0.425860119734	0.0157407946628
0.0001	20.0	35.0	0.426689357626	0.0125800013286
0.0001	20.0	40.0	0.421791635831	0.00662818129178
0.0001	20.0	45.0	0.428168319224	0.0165616485463
0.0001	20.0	50.0	0.433431424197	0.0162584201715
0.0001	25.0	5.0	0.407561307771	0.0226086832995
0.0001	25.0	10.0	0.409226091846	0.0112868658381
0.0001	25.0	15.0	0.414495352755	0.0179885875179
0.0001	25.0	20.0	0.417165246558	0.0159671438542
0.0001	25.0	25.0	0.425430657295	0.0123674275146
0.0001	25.0	30.0	0.430222543735	0.0173867749824
0.0001	25.0	35.0	0.42763288551	0.016108482092
0.0001	25.0	40.0	0.431992270305	0.0126428248005
0.0001	25.0	45.0	0.430603116042	0.00711420091247
0.0001	25.0	50.0	0.43195737501	0.0124740124982
0.0001	30.0	5.0	0.414408779729	0.00957098488916
0.0001	30.0	10.0	0.418335107947	0.0126369472697
0.0001	30.0	15.0	0.424593187887	0.0201730814747
0.0001	30.0	20.0	0.431949233473	0.00910763620633
0.0001	30.0	25.0	0.417554068819	0.0184802038837
0.0001	30.0	30.0	0.426332745313	0.0143654704644
0.0001	30.0	35.0	0.425730606593	0.0118501528378
0.0001	30.0	40.0	0.4294484662	0.0153578870715
0.0001	30.0	45.0	0.435204245176	0.0179854221486
0.0001	30.0	50.0	0.430589911729	0.0116385510087
0.0001	35.0	5.0	0.41061508777	0.0187915470226
0.0001	35.0	10.0	0.424558190243	0.012723096001
0.0001	35.0	15.0	0.419295248792	0.0106750798572
0.0001	35.0	20.0	0.42667049234	0.0140047529457
0.0001	35.0	25.0	0.428052856909	0.0138312092298
0.0001	35.0	30.0	0.428526569665	0.0132127743832
0.0001	35.0	35.0	0.421930942648	0.014484785246
0.0001	35.0	40.0	0.437852467976	0.0189628327057
0.0001	35.0	45.0	0.427014116625	0.00733482806103
0.0001	35.0	50.0	0.434164648012	0.00889277786048
0.0001	40.0	5.0	0.417115441246	0.0146676571171
0.0001	40.0	10.0	0.422368755737	0.0152209664073
0.0001	40.0	15.0	0.421922127731	0.0147041583295
0.0001	40.0	20.0	0.434570686614	0.0138217425158
0.0001	40.0	25.0	0.422777000624	0.0111785855134
0.0001	40.0	30.0	0.436225634615	0.0084611688587
0.0001	40.0	35.0	0.433345861175	0.0168598920449
0.0001	40.0	40.0	0.425030216085	0.0143908526672
0.0001	40.0	45.0	0.44012358937	0.0144913081776
0.0001	40.0	50.0	0.430664693457	0.0111952718848
0.0001	45.0	5.0	0.411748282591	0.0118968842265
0.0001	45.0	10.0	0.419298463122	0.0144392059362
0.0001	45.0	15.0	0.42575630397	0.0157792575023
0.0001	45.0	20.0	0.418919194629	0.014086810027
0.0001	45.0	25.0	0.428505757982	0.0117245045858
0.0001	45.0	30.0	0.438574483896	0.0106133109743
0.0001	45.0	35.0	0.42946045061	0.0154896639777
0.0001	45.0	40.0	0.442920089803	0.0112579858772
0.0001	45.0	45.0	0.429793235205	0.00875107691885
0.0001	45.0	50.0	0.427081765616	0.00570330250046
0.0001	50.0	5.0	0.41878899983	0.0118310200145
0.0001	50.0	10.0	0.414789208943	0.0143427825137
0.0001	50.0	15.0	0.418989278692	0.0195253246467
0.0001	50.0	20.0	0.423368540767	0.0195995814163
0.0001	50.0	25.0	0.438252884024	0.0178686072757
0.0001	50.0	30.0	0.432906171589	0.0142722220655
0.0001	50.0	35.0	0.44029906052	0.0103552204836
0.0001	50.0	40.0	0.435960501001	0.0154065261275
0.0001	50.0	45.0	0.433058239331	0.0215003322135
0.0001	50.0	50.0	0.437649395449	0.00780771636011
0.001	5.0	5.0	0.384760452391	0.0266865832633
0.001	5.0	10.0	0.369315171229	0.0523251687009
0.001	5.0	15.0	0.38657019578	0.0187203845381
0.001	5.0	20.0	0.394410168337	0.0233188006367
0.001	5.0	25.0	0.406288192387	0.0219065142782
0.001	5.0	30.0	0.406900008268	0.00614901421964
0.001	5.0	35.0	0.400882447132	0.0118151531993
0.001	5.0	40.0	0.397667764594	0.01823348124
0.001	5.0	45.0	0.382751678445	0.0538301264113
0.001	5.0	50.0	0.387708801479	0.0269996795668
0.001	10.0	5.0	0.381598318743	0.0308938444254
0.001	10.0	10.0	0.41170729295	0.00959052031311
0.001	10.0	15.0	0.411199518157	0.015793175557
0.001	10.0	20.0	0.418421949268	0.0102183266058
0.001	10.0	25.0	0.412178268169	0.0281126487129
0.001	10.0	30.0	0.413528314683	0.011931343958
0.001	10.0	35.0	0.409191475663	0.00984350946465
0.001	10.0	40.0	0.416953328318	0.004885283676
0.001	10.0	45.0	0.411886750517	0.0140533455024
0.001	10.0	50.0	0.41843717561	0.0164179137092
0.001	15.0	5.0	0.381595890482	0.0579974905131
0.001	15.0	10.0	0.412282563961	0.013053839614
0.001	15.0	15.0	0.413497702906	0.0130905113485
0.001	15.0	20.0	0.40207228738	0.0233157309935
0.001	15.0	25.0	0.41794329207	0.00815271539866
0.001	15.0	30.0	0.41933306451	0.0148397773127
0.001	15.0	35.0	0.43248613462	0.0124273499481
0.001	15.0	40.0	0.432377485172	0.00833826392628
0.001	15.0	45.0	0.424525349762	0.0174390666024
0.001	15.0	50.0	0.430711102927	0.0141741391801
0.001	20.0	5.0	0.391665662871	0.0215612783137
0.001	20.0	10.0	0.410888021868	0.00755940997147
0.001	20.0	15.0	0.424532792406	0.0180465461968
0.001	20.0	20.0	0.413963551597	0.0126916241457
0.001	20.0	25.0	0.420681818503	0.0191738050349
0.001	20.0	30.0	0.421000839006	0.0130478105623
0.001	20.0	35.0	0.418004584839	0.0155858135365
0.001	20.0	40.0	0.429703203962	0.011497536099
0.001	20.0	45.0	0.424600072742	0.0211758907938
0.001	20.0	50.0	0.431107937978	0.00933604203086
0.001	25.0	5.0	0.40473581326	0.00862162875469
0.001	25.0	10.0	0.42115791631	0.0190553816593
0.001	25.0	15.0	0.420106690585	0.00621125019179
0.001	25.0	20.0	0.426643325188	0.0134635689529
0.001	25.0	25.0	0.425874125724	0.0135075167766
0.001	25.0	30.0	0.431145579357	0.0124082138901
0.001	25.0	35.0	0.428952355947	0.0103798585573
0.001	25.0	40.0	0.426381393098	0.0161695979443
0.001	25.0	45.0	0.435093359403	0.0114544575295
0.001	25.0	50.0	0.43059069861	0.011025708133
0.001	30.0	5.0	0.414999089153	0.0153268084404
0.001	30.0	10.0	0.416716399461	0.0130204902482
0.001	30.0	15.0	0.420615203474	0.0116516750754
0.001	30.0	20.0	0.423704880746	0.0120783896286
0.001	30.0	25.0	0.428017912479	0.0171059489918
0.001	30.0	30.0	0.429494299891	0.0176090603755
0.001	30.0	35.0	0.43324536607	0.00944935740133
0.001	30.0	40.0	0.429346193403	0.00866134124874
0.001	30.0	45.0	0.440489117869	0.0214251208881
0.001	30.0	50.0	0.432379875857	0.0184240313476
0.001	35.0	5.0	0.411426108144	0.0125013204552
0.001	35.0	10.0	0.389537356058	0.0615340732601
0.001	35.0	15.0	0.428367245669	0.0130151647904
0.001	35.0	20.0	0.425362622862	0.016121629886
0.001	35.0	25.0	0.430763181778	0.0187485193309
0.001	35.0	30.0	0.426470408369	0.0193727649406
0.001	35.0	35.0	0.419667061835	0.0105239128703
0.001	35.0	40.0	0.439449583081	0.0105411828232
0.001	35.0	45.0	0.436433054591	0.0134045936817
0.001	35.0	50.0	0.441101500702	0.00671929906402
0.001	40.0	5.0	0.415386447174	0.01405914054
0.001	40.0	10.0	0.42586854876	0.01672224966
0.001	40.0	15.0	0.419362312842	0.016795505638
0.001	40.0	20.0	0.4192606622	0.0122713741667
0.001	40.0	25.0	0.427132200706	0.0119703624132
0.001	40.0	30.0	0.418900619271	0.0146028649929
0.001	40.0	35.0	0.435991272321	0.0146241997725
0.001	40.0	40.0	0.433752237188	0.0108329345189
0.001	40.0	45.0	0.429473427821	0.0165915492565
0.001	40.0	50.0	0.435557418046	0.0141027356556
0.001	45.0	5.0	0.421034805432	0.0145548006339
0.001	45.0	10.0	0.424614396614	0.0160503741615
0.001	45.0	15.0	0.423688295387	0.0179151667577
0.001	45.0	20.0	0.42801391645	0.0126118905416
0.001	45.0	25.0	0.42760083788	0.0100213323394
0.001	45.0	30.0	0.434024206087	0.00973003393472
0.001	45.0	35.0	0.432337435568	0.00764526660447
0.001	45.0	40.0	0.436433112988	0.0159683309941
0.001	45.0	45.0	0.435012538883	0.00865597886655
0.001	45.0	50.0	0.446417235897	0.0137819894651
0.001	50.0	5.0	0.394806780489	0.0490621480161
0.001	50.0	10.0	0.419758359022	0.0191864496822
0.001	50.0	15.0	0.417552096809	0.017098563297
0.001	50.0	20.0	0.430945295312	0.011122213954
0.001	50.0	25.0	0.430662525141	0.0127602368545
0.001	50.0	30.0	0.435907020735	0.0106765545248
0.001	50.0	35.0	0.432483729589	0.0155769638307
0.001	50.0	40.0	0.428863173961	0.0101488430782
0.001	50.0	45.0	0.435456981338	0.0137364608647
0.001	50.0	50.0	0.436420074187	0.011583736493
0.01	5.0	5.0	0.331255570403	0.0540754803756
0.01	5.0	10.0	0.37660912196	0.040852493527
0.01	5.0	15.0	0.379163050987	0.0379297600913
0.01	5.0	20.0	0.404457261037	0.0159947830398
0.01	5.0	25.0	0.405971550378	0.0121263714291
0.01	5.0	30.0	0.37916601437	0.0231974210606
0.01	5.0	35.0	0.40362180878	0.0287678285304
0.01	5.0	40.0	0.40644640068	0.00790464181271
0.01	5.0	45.0	0.382838878696	0.0214097103019
0.01	5.0	50.0	0.416149361955	0.0105607442592
0.01	10.0	5.0	0.405260233045	0.024382274126
0.01	10.0	10.0	0.392918132502	0.0235529957686
0.01	10.0	15.0	0.412405865177	0.0193700185515
0.01	10.0	20.0	0.406608634733	0.0129445465627
0.01	10.0	25.0	0.415016245108	0.0188174359299
0.01	10.0	30.0	0.416698555782	0.0161091567028
0.01	10.0	35.0	0.415339475935	0.0117278883292
0.01	10.0	40.0	0.4034535736	0.0246366978401
0.01	10.0	45.0	0.409072173669	0.00908917434116
0.01	10.0	50.0	0.420497915887	0.0096865045824
0.01	15.0	5.0	0.390273769473	0.0268873127832
0.01	15.0	10.0	0.422466840179	0.0183980807687
0.01	15.0	15.0	0.409783361288	0.0269273696435
0.01	15.0	20.0	0.420159932145	0.00996305783934
0.01	15.0	25.0	0.414396780523	0.0103678519991
0.01	15.0	30.0	0.422190306971	0.0143525919126
0.01	15.0	35.0	0.427142137925	0.0134811117771
0.01	15.0	40.0	0.423728072298	0.0168427696332
0.01	15.0	45.0	0.422259693247	0.00517874958849
0.01	15.0	50.0	0.426264510145	0.0162368606344
0.01	20.0	5.0	0.378235900542	0.0353659699966
0.01	20.0	10.0	0.418782590394	0.0146543181364
0.01	20.0	15.0	0.417047590315	0.0111786718028
0.01	20.0	20.0	0.424927746981	0.0128933736635
0.01	20.0	25.0	0.427105211872	0.0104378443412
0.01	20.0	30.0	0.42452074716	0.0127719359071
0.01	20.0	35.0	0.420442263662	0.0072156300262
0.01	20.0	40.0	0.426252300622	0.01067800093
0.01	20.0	45.0	0.42714257414	0.00809785877254
0.01	20.0	50.0	0.426355736129	0.013478097155
0.01	25.0	5.0	0.40178572954	0.0288507926987
0.01	25.0	10.0	0.417865260033	0.00834392840414
0.01	25.0	15.0	0.419260647404	0.00946701244098
0.01	25.0	20.0	0.420952992898	0.0120672076501
0.01	25.0	25.0	0.431021144237	0.00806599599414
0.01	25.0	30.0	0.433251757517	0.0102797611366
0.01	25.0	35.0	0.423675496494	0.0152707523725
0.01	25.0	40.0	0.431130749272	0.0109269722861
0.01	25.0	45.0	0.432091046466	0.0171088672862
0.01	25.0	50.0	0.438597102863	0.0128068604091
0.01	30.0	5.0	0.416145753807	0.0123638642586
0.01	30.0	10.0	0.425498482614	0.0138072359281
0.01	30.0	15.0	0.425308775932	0.00743355666245
0.01	30.0	20.0	0.414501208831	0.0120336512975
0.01	30.0	25.0	0.42412434558	0.0147223066467
0.01	30.0	30.0	0.426629545097	0.0106359869001
0.01	30.0	35.0	0.429021805048	0.0152575805396
0.01	30.0	40.0	0.429796823375	0.0105247219528
0.01	30.0	45.0	0.427828418677	0.0248126370797
0.01	30.0	50.0	0.430602294386	0.0139298528079
0.01	35.0	5.0	0.380460437042	0.0487591792349
0.01	35.0	10.0	0.420346626437	0.0202581640426
0.01	35.0	15.0	0.425355981895	0.0145249425975
0.01	35.0	20.0	0.421171085848	0.0177285932145
0.01	35.0	25.0	0.424081474259	0.00824029627426
0.01	35.0	30.0	0.423262909342	0.0185109806079
0.01	35.0	35.0	0.431549016172	0.00900092952611
0.01	35.0	40.0	0.429573349767	0.00647267047697
0.01	35.0	45.0	0.432013439827	0.0135167856635
0.01	35.0	50.0	0.439437377955	0.0145651770204
0.01	40.0	5.0	0.411873414263	0.0168899558625
0.01	40.0	10.0	0.418833419301	0.013159036431
0.01	40.0	15.0	0.420583207067	0.0161851424175
0.01	40.0	20.0	0.434563515459	0.00914151559795
0.01	40.0	25.0	0.430916453603	0.00509673761967
0.01	40.0	30.0	0.432298212803	0.00430318018094
0.01	40.0	35.0	0.439100558159	0.0157502785106
0.01	40.0	40.0	0.430714781074	0.0128985273613
0.01	40.0	45.0	0.431950435386	0.00929500599245
0.01	40.0	50.0	0.439447591092	0.0127246988853
0.01	45.0	5.0	0.400075649889	0.0181457408503
0.01	45.0	10.0	0.424627775265	0.0153036076981
0.01	45.0	15.0	0.418541276874	0.0200123323162
0.01	45.0	20.0	0.428047474263	0.0142156010757
0.01	45.0	25.0	0.428484162611	0.0134061511063
0.01	45.0	30.0	0.430705939005	0.0134587315545
0.01	45.0	35.0	0.435028496903	0.0112455257065
0.01	45.0	40.0	0.431575637554	0.012440558324
0.01	45.0	45.0	0.426600314754	0.00751778789447
0.01	45.0	50.0	0.436592463258	0.0159100280906
0.01	50.0	5.0	0.41494265568	0.0128833827871
0.01	50.0	10.0	0.423717500118	0.0136983776549
0.01	50.0	15.0	0.426732801082	0.012907684156
0.01	50.0	20.0	0.437541366166	0.00709351669226
0.01	50.0	25.0	0.432928027297	0.0162013354568
0.01	50.0	30.0	0.436750095912	0.00870572741591
0.01	50.0	35.0	0.42945243981	0.0163829045032
0.01	50.0	40.0	0.440288016901	0.00754583268783
0.01	50.0	45.0	0.437190326838	0.00635830254472
0.01	50.0	50.0	0.436904157632	0.0153837801304
0.1	5.0	5.0	0.337135575376	0.0558005099039
0.1	5.0	10.0	0.324971498	0.0332120185582
0.1	5.0	15.0	0.402210053571	0.0146579727167
0.1	5.0	20.0	0.39399793119	0.0297630165273
0.1	5.0	25.0	0.395282977771	0.0295472441891
0.1	5.0	30.0	0.402391750869	0.0180234167996
0.1	5.0	35.0	0.410300068479	0.0225815196226
0.1	5.0	40.0	0.408708604947	0.00673143677879
0.1	5.0	45.0	0.398878231386	0.0307500983699
0.1	5.0	50.0	0.421945702734	0.0116715475369
0.1	10.0	5.0	0.381937663728	0.0364695212387
0.1	10.0	10.0	0.398093318714	0.0287056176328
0.1	10.0	15.0	0.412717191526	0.016527044198
0.1	10.0	20.0	0.407634050546	0.00975204278042
0.1	10.0	25.0	0.422783320082	0.0150128301994
0.1	10.0	30.0	0.418273341398	0.0111236755564
0.1	10.0	35.0	0.411278667412	0.015367111514
0.1	10.0	40.0	0.411415649915	0.01770143243
0.1	10.0	45.0	0.421937899057	0.0132303772413
0.1	10.0	50.0	0.427605031419	0.0128005798244
0.1	15.0	5.0	0.376588805576	0.019628268003
0.1	15.0	10.0	0.41179590479	0.0146519221846
0.1	15.0	15.0	0.4149994874	0.0167180077931
0.1	15.0	20.0	0.416087944082	0.0144964042708
0.1	15.0	25.0	0.424141703025	0.0112038430674
0.1	15.0	30.0	0.419255663005	0.0123457329084
0.1	15.0	35.0	0.417517916842	0.0125919008218
0.1	15.0	40.0	0.425879723116	0.0200794065579
0.1	15.0	45.0	0.433760020886	0.011972499482
0.1	15.0	50.0	0.430148482868	0.0088781409569
0.1	20.0	5.0	0.390102610016	0.0270006873869
0.1	20.0	10.0	0.423835723313	0.0180528215056
0.1	20.0	15.0	0.409134018594	0.0122834932209
0.1	20.0	20.0	0.422474977736	0.0203221926917
0.1	20.0	25.0	0.423269303982	0.0175334970526
0.1	20.0	30.0	0.42548826309	0.0147801870198
0.1	20.0	35.0	0.425978357724	0.0165943817496
0.1	20.0	40.0	0.425830612269	0.0108505272689
0.1	20.0	45.0	0.423628260939	0.013139249894
0.1	20.0	50.0	0.427152375438	0.0155825845124
0.1	25.0	5.0	0.401784969588	0.0183267617325
0.1	25.0	10.0	0.411971790973	0.0192324939689
0.1	25.0	15.0	0.421779056867	0.0115834558597
0.1	25.0	20.0	0.437758425155	0.0205759356555
0.1	25.0	25.0	0.427243227583	0.0150908209558
0.1	25.0	30.0	0.424525097048	0.015032818222
0.1	25.0	35.0	0.42758602259	0.00786346735943
0.1	25.0	40.0	0.428041273939	0.0132602157006
0.1	25.0	45.0	0.427604013006	0.0104912307439
0.1	25.0	50.0	0.428918998084	0.0123244333595
0.1	30.0	5.0	0.388751525502	0.0413827878307
0.1	30.0	10.0	0.421751059233	0.00933229887572
0.1	30.0	15.0	0.428013500214	0.0107166887869
0.1	30.0	20.0	0.421139303738	0.0172526475582
0.1	30.0	25.0	0.424146130085	0.0185674502809
0.1	30.0	30.0	0.425898474802	0.0145729361638
0.1	30.0	35.0	0.42772574046	0.0200232929695
0.1	30.0	40.0	0.424574942317	0.01531872501
0.1	30.0	45.0	0.421083659136	0.0129762090989
0.1	30.0	50.0	0.432585552915	0.0184876231772
0.1	35.0	5.0	0.418919857192	0.0148071097891
0.1	35.0	10.0	0.414961684488	0.0143495970193
0.1	35.0	15.0	0.418516996156	0.0193185217719
0.1	35.0	20.0	0.42842890146	0.0109276895165
0.1	35.0	25.0	0.430273967196	0.0156431277247
0.1	35.0	30.0	0.431176187156	0.0148134025761
0.1	35.0	35.0	0.428964214049	0.0151378883699
0.1	35.0	40.0	0.431503404399	0.0125927879558
0.1	35.0	45.0	0.434263701295	0.0179380610627
0.1	35.0	50.0	0.435344322301	0.0127270141897
0.1	40.0	5.0	0.412242577938	0.0101475659945
0.1	40.0	10.0	0.414925452145	0.0118149922397
0.1	40.0	15.0	0.421662098101	0.022442098392
0.1	40.0	20.0	0.416215138093	0.0105696656542
0.1	40.0	25.0	0.422192669604	0.00611160895701
0.1	40.0	30.0	0.427182987216	0.0113223564088
0.1	40.0	35.0	0.432820752111	0.00993827061689
0.1	40.0	40.0	0.426851362137	0.0165852584247
0.1	40.0	45.0	0.433339799966	0.0124007517033
0.1	40.0	50.0	0.429768079267	0.0122988796098
0.1	45.0	5.0	0.394835147309	0.0116127980542
0.1	45.0	10.0	0.425433416185	0.0140678419779
0.1	45.0	15.0	0.42564897358	0.00635113311013
0.1	45.0	20.0	0.428421470418	0.0107316201814
0.1	45.0	25.0	0.423582225308	0.0106805345508
0.1	45.0	30.0	0.430802777932	0.0175851720318
0.1	45.0	35.0	0.434586442694	0.0100762438696
0.1	45.0	40.0	0.443009743228	0.0138629467628
0.1	45.0	45.0	0.434591467502	0.0121095784719
0.1	45.0	50.0	0.430229101897	0.0118974677502
0.1	50.0	5.0	0.417154076631	0.0164485121512
0.1	50.0	10.0	0.421120825097	0.0166383253453
0.1	50.0	15.0	0.423752285006	0.0142278782644
0.1	50.0	20.0	0.429362017492	0.0107583895558
0.1	50.0	25.0	0.428817299862	0.00753050296625
0.1	50.0	30.0	0.426744364073	0.016779410636
0.1	50.0	35.0	0.434985726377	0.00595536966555
0.1	50.0	40.0	0.430219896357	0.00984348054927
0.1	50.0	45.0	0.427595616765	0.0108383332929
0.1	50.0	50.0	0.432913938502	0.0159939774242
1.0	5.0	5.0	0.35811339751	0.0396814054963
1.0	5.0	10.0	0.381796574764	0.0420355060713
1.0	5.0	15.0	0.398142927719	0.028542846947
1.0	5.0	20.0	0.396237716022	0.0275455901476
1.0	5.0	25.0	0.414044334148	0.0122629903903
1.0	5.0	30.0	0.398958849966	0.0139937439618
1.0	5.0	35.0	0.404112257306	0.0225794282806
1.0	5.0	40.0	0.409398813144	0.00880694032405
1.0	5.0	45.0	0.399407560863	0.0309090177953
1.0	5.0	50.0	0.408173819926	0.0291519842048
1.0	10.0	5.0	0.379917388367	0.020752394855
1.0	10.0	10.0	0.409187859892	0.00843686543449
1.0	10.0	15.0	0.406537266836	0.0141880048297
1.0	10.0	20.0	0.402241398443	0.0177534679295
1.0	10.0	25.0	0.411617819046	0.00923980275481
1.0	10.0	30.0	0.419274457088	0.00978381168126
1.0	10.0	35.0	0.412596562096	0.0125470072505
1.0	10.0	40.0	0.414366939627	0.0104160269286
1.0	10.0	45.0	0.412245764666	0.0102611514562
1.0	10.0	50.0	0.419614649553	0.0086039288448
1.0	15.0	5.0	0.377252213412	0.0457794742895
1.0	15.0	10.0	0.410990874423	0.0127469430878
1.0	15.0	15.0	0.410007955069	0.0113498842206
1.0	15.0	20.0	0.418452377545	0.0150694828685
1.0	15.0	25.0	0.422438626259	0.0181215435443
1.0	15.0	30.0	0.418785754704	0.00790946467641
1.0	15.0	35.0	0.415793912802	0.0163635294061
1.0	15.0	40.0	0.422740559168	0.0101679963243
1.0	15.0	45.0	0.418053172238	0.0157586114385
1.0	15.0	50.0	0.417107657548	0.0118054430464
1.0	20.0	5.0	0.405633088024	0.0106565777308
1.0	20.0	10.0	0.409097238074	0.00918310059754
1.0	20.0	15.0	0.416257224522	0.0167396434358
1.0	20.0	20.0	0.413544910859	0.0120459078093
1.0	20.0	25.0	0.421902499186	0.0110976162993
1.0	20.0	30.0	0.419739897166	0.0134464653919
1.0	20.0	35.0	0.420513294149	0.0140416740779
1.0	20.0	40.0	0.422826165791	0.0138129585922
1.0	20.0	45.0	0.420131516286	0.00872130622484
1.0	20.0	50.0	0.430811816757	0.0175282896364
1.0	25.0	5.0	0.381590632883	0.0426906911819
1.0	25.0	10.0	0.414027158215	0.0132658251488
1.0	25.0	15.0	0.421438044736	0.0122429429099
1.0	25.0	20.0	0.417508293075	0.0114481404849
1.0	25.0	25.0	0.418413384321	0.0167284609263
1.0	25.0	30.0	0.419315268411	0.0129238336287
1.0	25.0	35.0	0.424136155652	0.0130199075491
1.0	25.0	40.0	0.418479444755	0.017771538304
1.0	25.0	45.0	0.429783399132	0.0107363699421
1.0	25.0	50.0	0.427650845131	0.014228494467
1.0	30.0	5.0	0.416230336834	0.0124628227893
1.0	30.0	10.0	0.407493358888	0.0159538931805
1.0	30.0	15.0	0.414805168953	0.0111346402963
1.0	30.0	20.0	0.414549244073	0.015926676838
1.0	30.0	25.0	0.425413804426	0.0182807074745
1.0	30.0	30.0	0.420114118433	0.00861254585497
1.0	30.0	35.0	0.420156767835	0.0164444911193
1.0	30.0	40.0	0.419243429074	0.00800125483876
1.0	30.0	45.0	0.42847132331	0.00914755094309
1.0	30.0	50.0	0.433341176218	0.0120454681596
1.0	35.0	5.0	0.399407124927	0.0306002018457
1.0	35.0	10.0	0.414917640845	0.0113840766293
1.0	35.0	15.0	0.418797188948	0.00986525562722
1.0	35.0	20.0	0.412329412086	0.0142475863242
1.0	35.0	25.0	0.418850804347	0.0107748000695
1.0	35.0	30.0	0.428070672987	0.0105800602024
1.0	35.0	35.0	0.420190985771	0.0155836995485
1.0	35.0	40.0	0.422714783064	0.0114630323753
1.0	35.0	45.0	0.42403371415	0.0114918205717
1.0	35.0	50.0	0.424930942087	0.0124049105801
1.0	40.0	5.0	0.413620534672	0.0133778679746
1.0	40.0	10.0	0.417187684013	0.0167665192182
1.0	40.0	15.0	0.420073879695	0.00938936553257
1.0	40.0	20.0	0.419726087483	0.0154642211584
1.0	40.0	25.0	0.41634522138	0.0162967603896
1.0	40.0	30.0	0.420613141486	0.0129247060489
1.0	40.0	35.0	0.426831027076	0.0159526230608
1.0	40.0	40.0	0.42555027473	0.0158096666681
1.0	40.0	45.0	0.429284610804	0.0124000676766
1.0	40.0	50.0	0.424434127758	0.00852310227901
1.0	45.0	5.0	0.382209498427	0.0342086732132
1.0	45.0	10.0	0.414452795771	0.0135422890216
1.0	45.0	15.0	0.416289780707	0.014902511913
1.0	45.0	20.0	0.421035589119	0.0121966162519
1.0	45.0	25.0	0.421018002133	0.00850482950713
1.0	45.0	30.0	0.421502887256	0.0136410834708
1.0	45.0	35.0	0.427625232549	0.0122824062806
1.0	45.0	40.0	0.42237778694	0.0190916275088
1.0	45.0	45.0	0.421073246499	0.0166224825019
1.0	45.0	50.0	0.431611231742	0.0119316783867
1.0	50.0	5.0	0.415779724851	0.0105286583366
1.0	50.0	10.0	0.415381328844	0.0164916973613
1.0	50.0	15.0	0.421475421799	0.01136172026
1.0	50.0	20.0	0.413930505983	0.00772505099173
1.0	50.0	25.0	0.422173282957	0.0130304470327
1.0	50.0	30.0	0.425950521622	0.0140369894581
1.0	50.0	35.0	0.425485265495	0.0141784285699
1.0	50.0	40.0	0.42280859161	0.0120700695414
1.0	50.0	45.0	0.424564344975	0.0103320971466
1.0	50.0	50.0	0.427137746089	0.017202821386
10.0	5.0	5.0	0.284366517864	0.0305090801272
10.0	5.0	10.0	0.276057412259	0.0198449753613
10.0	5.0	15.0	0.31174945003	0.0578401444936
10.0	5.0	20.0	0.313516871719	0.0618364215571
10.0	5.0	25.0	0.309108844435	0.0645918042003
10.0	5.0	30.0	0.283973328175	0.030091981186
10.0	5.0	35.0	0.35595966024	0.0763482686081
10.0	5.0	40.0	0.340507445807	0.0680753898577
10.0	5.0	45.0	0.311234787397	0.0488985460728
10.0	5.0	50.0	0.354637748344	0.0747580653824
10.0	10.0	5.0	0.271552907755	0.0110141040537
10.0	10.0	10.0	0.319036391238	0.0696251868294
10.0	10.0	15.0	0.365372042695	0.0608446757284
10.0	10.0	20.0	0.371418050487	0.0532777801252
10.0	10.0	25.0	0.346943041871	0.0683324232098
10.0	10.0	30.0	0.335116821778	0.0709398368398
10.0	10.0	35.0	0.344178222646	0.0523367138382
10.0	10.0	40.0	0.343988810652	0.061644172861
10.0	10.0	45.0	0.38548557054	0.0633321935082
10.0	10.0	50.0	0.347560070278	0.0702962952026
10.0	15.0	5.0	0.280203133473	0.0244236619578
10.0	15.0	10.0	0.310865817703	0.0577155408344
10.0	15.0	15.0	0.385888979753	0.0602469197146
10.0	15.0	20.0	0.36236251709	0.0607193052064
10.0	15.0	25.0	0.375989878737	0.0573204522338
10.0	15.0	30.0	0.357236806428	0.069485245152
10.0	15.0	35.0	0.372743540185	0.0576694939823
10.0	15.0	40.0	0.382765455189	0.061040288267
10.0	15.0	45.0	0.38369355723	0.0621929974853
10.0	15.0	50.0	0.375900285487	0.0606994474872
10.0	20.0	5.0	0.314336855816	0.0605631032045
10.0	20.0	10.0	0.353765470427	0.0749933638463
10.0	20.0	15.0	0.360528406861	0.0623982578973
10.0	20.0	20.0	0.355340760189	0.071687894259
10.0	20.0	25.0	0.382800885855	0.0616607715105
10.0	20.0	30.0	0.382493489484	0.0632749041333
10.0	20.0	35.0	0.337346805622	0.0541885270542
10.0	20.0	40.0	0.356366283783	0.0740115556233
10.0	20.0	45.0	0.38290153487	0.06249982839
10.0	20.0	50.0	0.3780299363	0.0632368074786
10.0	25.0	5.0	0.288940679574	0.0374022111272
10.0	25.0	10.0	0.337517372863	0.0741038098388
10.0	25.0	15.0	0.355318725519	0.065386285879
10.0	25.0	20.0	0.362724828376	0.0695464874229
10.0	25.0	25.0	0.374245153535	0.0645999189568
10.0	25.0	30.0	0.360748505484	0.0719851168566
10.0	25.0	35.0	0.375677566425	0.0631430325702
10.0	25.0	40.0	0.384567256991	0.0625281266671
10.0	25.0	45.0	0.377870317947	0.0579499275815
10.0	25.0	50.0	0.354659563645	0.0758503418216
10.0	30.0	5.0	0.276380133229	0.0168642119494
10.0	30.0	10.0	0.325961516775	0.052315816794
10.0	30.0	15.0	0.378556332393	0.0623480042641
10.0	30.0	20.0	0.350039754384	0.0711470803626
10.0	30.0	25.0	0.373289654046	0.0605880751629
10.0	30.0	30.0	0.369731448803	0.0677028525096
10.0	30.0	35.0	0.384155429119	0.0621615782427
10.0	30.0	40.0	0.385468157892	0.0633358588011
10.0	30.0	45.0	0.385438914743	0.0621704372797
10.0	30.0	50.0	0.377687064876	0.0622264074354
10.0	35.0	5.0	0.305906407863	0.0536439603125
10.0	35.0	10.0	0.295060415262	0.0559612692283
10.0	35.0	15.0	0.359455799524	0.0758336012302
10.0	35.0	20.0	0.361402435748	0.0612761358053
10.0	35.0	25.0	0.382356622922	0.0607629286071
10.0	35.0	30.0	0.354162275886	0.0731667169967
10.0	35.0	35.0	0.372851382323	0.061439212999
10.0	35.0	40.0	0.385003708624	0.0606726016745
10.0	35.0	45.0	0.387260337917	0.0639290745339
10.0	35.0	50.0	0.385870795019	0.0601045116735
10.0	40.0	5.0	0.317026076315	0.0607412762487
10.0	40.0	10.0	0.330138289635	0.0773993101259
10.0	40.0	15.0	0.358955528966	0.0720052524734
10.0	40.0	20.0	0.372457587265	0.0622184008316
10.0	40.0	25.0	0.387240716545	0.0636199280113
10.0	40.0	30.0	0.378830855049	0.0591259809456
10.0	40.0	35.0	0.374158939553	0.0590856566751
10.0	40.0	40.0	0.385497764063	0.0630410219261
10.0	40.0	45.0	0.37721210505	0.0648405309778
10.0	40.0	50.0	0.384586878363	0.0628558997583
10.0	45.0	5.0	0.295939070476	0.0502818541041
10.0	45.0	10.0	0.302928556722	0.0572804457633
10.0	45.0	15.0	0.387233121981	0.0636877067413
10.0	45.0	20.0	0.371165070438	0.0633809274884
10.0	45.0	25.0	0.355089591046	0.0761200933834
10.0	45.0	30.0	0.388761272983	0.0419556942395
10.0	45.0	35.0	0.387249747747	0.0641313016713
10.0	45.0	40.0	0.394525392243	0.0516732548334
10.0	45.0	45.0	0.386319407391	0.062723652692
10.0	45.0	50.0	0.36339034446	0.074507121877
10.0	50.0	5.0	0.380212886187	0.0612988448807
10.0	50.0	10.0	0.340967680445	0.0724727048462
10.0	50.0	15.0	0.383247524228	0.0623775417285
10.0	50.0	20.0	0.356314449269	0.0729325181598
10.0	50.0	25.0	0.38417505049	0.0625689873499
10.0	50.0	30.0	0.387256540635	0.0639779095834
10.0	50.0	35.0	0.387688958271	0.0638189403444
10.0	50.0	40.0	0.356389702437	0.07506184657
10.0	50.0	45.0	0.378104089454	0.060648448013
10.0	50.0	50.0	0.385876369993	0.0630099181329
