2016-01-1 31.0 10.5 84 20 0.0 10.1 2.7 4.2
2016-01-2 31.0 11.0 88 22 0.0 9.5 1.3 3.8
2016-01-3 31.0 12.0 82 22 0.0 9.4 0.0 4.2
2016-01-4 32.0 12.0 78 30 0.0 10.0 0.2 4.4
2016-01-5 30.0 12.5 79 31 0.0 9.5 0.3 3.6
2016-01-6 29.0 12.0 89 27 0.0 9.0 0.2 3.3
2016-01-7 29.0 12.5 89 30 0.0 9.5 1.3 3.5
2016-01-8 29.5 10.5 82 27 0.0 9.5 2.1 4.4
2016-01-9 29.5 10.5 78 21 0.0 9.0 1.3 3.9
2016-01-10 29.5 11.0 77 27 0.0 9.0 1.1 3.8
2016-01-11 29.0 11.0 77 26 0.0 9.6 1.8 4.0
2016-01-12 29.0 10.5 84 27 0.0 9.5 1.1 4.4
2016-01-13 29.0 11.5 72 27 0.0 8.8 0.6 3.4
2016-01-14 29.0 12.0 79 24 0.0 8.5 0.6 3.5
2016-01-15 29.0 16.0 89 35 0.0 8.7 2.3 3.9
2016-01-16 28.0 12.0 79 28 0.0 8.6 1.6 3.8
2016-01-17 30.0 16.0 54 28 0.0 7.2 0.8 4.1
2016-01-18 30.0 17.5 85 33 0.0 8.9 1.9 4.0
2016-01-19 30.5 20.0 79 46 0.0 9.2 1.8 4.8
2016-01-20 28.0 19.0 91 46 0.0 2.2 2.1 2.6
2016-01-21 28.0 16.0 59 39 0.0 2.7 1.0 2.4
2016-01-22 27.5 15.5 52 29 0.0 7.6 2.3 4.8
2016-01-23 27.5 13.0 68 35 0.0 9.3 2.9 4.8
2016-01-24 28.0 13.0 79 42 0.0 8.2 1.8 3.4
2016-01-25 29.5 19.0 87 47 0.0 6.7 1.6 3.2
2016-01-26 29.5 17.0 91 47 0.0 4.2 0.8 3.0
2016-01-27 30.0 17.0 90 37 0.0 7.4 1.0 3.4
2016-01-28 32.0 14.5 89 24 0.0 7.3 1.0 3.8
2016-01-29 32.5 13.0 69 36 0.0 9.5 0.8 4.0
2016-01-30 31.0 13.0 79 26 0.0 9.8 1.9 4.3
2016-01-31 32.0 13.0 69 25 0.0 10.0 1.0 4.3
2016-02-1 32.5 13.0 76 22 0.0 9.7 1.0 4.8
2016-02-2 34.0 16.5 62 24 0.0 9.5 1.0 4.4
2016-02-3 34.5 13.5 70 18 0.0 9.3 1.4 5.4
2016-02-4 34.0 13.5 70 28 0.0 9.9 1.1 4.9
2016-02-5 33.0 15.0 81 28 0.0 9.7 0.8 4.8
2016-02-6 32.0 15.0 86 28 0.0 9.3 1.6 5.0
2016-02-7 32.5 19.0 85 35 0.0 9.7 1.6 4.3
2016-02-8 32.5 13.5 82 40 0.0 8.0 0.8 4.9
2016-02-9 32.0 19.0 87 32 0.0 8.0 0.6 4.6
2016-02-10 33.0 17.5 66 32 0.0 7.6 1.3 4.4
2016-02-11 33.0 19.5 82 34 0.0 8.7 1.6 5.6
2016-02-12 33.0 22.5 59 29 0.0 5.9 1.9 5.1
2016-02-13 34.0 19.5 86 28 0.0 8.0 1.1 6.0
2016-02-14 33.5 21.0 91 32 0.0 8.0 1.1 4.9
2016-02-15 33.0 16.0 76 29 0.0 7.1 1.6 5.6
2016-02-16 32.5 15.0 91 28 0.0 10.1 3.7 7.0
2016-02-17 32.0 12.0 70 31 0.0 10.2 2.6 6.3
2016-02-18 32.0 15.0 90 29 0.0 10.6 3.9 6.9
2016-02-19 33.0 12.5 79 26 0.0 10.9 3.1 7.0
2016-02-20 34.0 14.5 84 24 0.0 9.9 1.4 6.8
2016-02-21 35.0 14.5 61 23 0.0 8.2 1.4 6.0
2016-02-22 36.0 17.5 72 22 0.0 9.8 1.1 5.6
2016-02-23 37.0 22.0 87 32 0.0 10.0 1.6 6.1
2016-02-24 37.0 20.5 86 31 0.0 8.7 2.3 7.1
2016-02-25 36.0 20.0 77 20 0.0 8.9 2.6 6.6
2016-02-26 36.5 22.0 91 52 0.0 8.2 4.3 8.2
2016-02-27 32.0 22.5 82 37 0.0 5.0 3.7 6.0
2016-02-28 33.0 21.5 86 30 0.0 6.8 2.4 5.0
2016-02-29 33.0 21.5 74 33 0.0 8.4 2.6 8.3
2016-03-1 34.0 21.5 77 35 0.0 8.1 4.2 6.3
2016-03-2 33.0 22.0 82 41 0.0 6.6 2.1 5.4
2016-03-3 32.5 20.5 74 40 0.0 6.0 2.4 5.0
2016-03-4 32.0 19.5 77 29 0.0 7.7 1.4 5.2
2016-03-5 34.0 21.5 68 26 0.0 7.8 1.6 5.3
2016-03-6 35.0 17.0 73 23 0.0 6.3 1.3 6.0
2016-03-7 36.0 16.5 72 24 0.0 9.5 2.7 7.4
2016-03-8 35.0 16.5 65 21 0.0 9.8 2.4 7.9
2016-03-9 35.5 20.0 55 34 0.0 9.7 1.0 6.5
2016-03-10 33.0 19.0 74 25 0.0 0.9 0.8 4.8
2016-03-11 38.0 18.0 76 26 0.0 9.2 1.9 7.1
2016-03-12 37.0 19.5 74 24 0.0 8.0 2.7 7.2
2016-03-13 37.0 21.0 68 25 0.0 8.5 2.6 6.9
2016-03-14 37.0 21.5 61 36 0.0 8.5 1.3 5.9
2016-03-15 34.5 23.0 79 44 0.0 7.9 1.6 5.9
2016-03-16 34.0 22.5 87 32 0.0 5.3 2.1 4.7
2016-03-17 37.0 22.0 89 34 0.0 8.9 2.4 6.8
2016-03-18 36.5 22.0 84 21 0.0 9.0 2.3 7.2
2016-03-19 39.0 23.5 79 29 0.0 9.0 1.9 8.2
2016-03-20 38.0 22.0 66 20 0.0 8.7 2.3 8.1
2016-03-21 38.0 20.0 55 20 0.0 8.8 2.1 8.1
2016-03-22 38.0 16.5 56 19 0.0 9.2 3.9 9.2
2016-03-23 39.0 18.0 57 26 0.0 9.3 0.6 7.9
2016-03-24 38.0 22.0 74 31 0.0 8.8 1.1 7.1
2016-03-25 37.5 21.5 79 27 0.0 8.2 1.6 6.7
2016-03-26 38.0 20.0 78 29 0.0 7.7 2.4 7.7
2016-03-27 38.0 20.0 75 27 0.0 8.4 1.3 6.8
2016-03-28 38.0 23.0 69 39 0.0 8.3 3.5 7.0
2016-03-29 36.0 22.0 68 32 0.0 8.3 4.0 9.0
2016-03-30 37.0 22.0 68 33 0.0 6.8 1.4 6.2
2016-03-31 38.0 22.5 89 33 3.0 8.2 1.3 6.8
2016-04-1 38.0 20.0 80 25 0.0 7.0 2.4 6.8
2016-04-2 38.5 22.5 76 25 0.0 8.9 0.8 6.3
2016-04-3 39.0 20.0 81 27 0.0 7.8 1.8 7.7
2016-04-4 39.0 23.0 69 29 0.0 8.6 1.3 7.6
2016-04-5 39.5 24.5 61 31 0.0 8.8 1.6 8.4
2016-04-6 39.0 24.5 51 15 0.0 8.3 2.3 8.6
2016-04-7 38.0 22.5 56 15 0.0 9.4 1.8 9.2
2016-04-8 39.0 22.0 45 17 0.0 9.4 3.1 9.8
2016-04-9 39.0 23.0 77 20 0.0 9.6 1.6 10.0
2016-04-10 39.5 20.5 60 18 0.0 9.2 4.0 6.5
2016-04-11 39.0 20.0 55 15 0.0 9.6 2.1 7.5
2016-04-12 40.5 22.0 47 15 0.0 9.3 1.1 7.8
2016-04-13 40.5 22.5 48 19 0.0 10.7 1.3 9.1
2016-04-14 41.0 24.0 58 28 0.0 10.5 1.8 8.9
2016-04-15 40.0 26.0 68 24 0.0 9.2 1.9 7.7
2016-04-16 41.5 26.0 68 22 0.0 10.2 1.9 9.0
2016-04-17 42.0 27.5 64 27 0.0 9.6 2.4 9.6
2016-04-18 41.0 24.0 75 21 2.6 7.7 3.2 9.8
2016-04-19 40.5 24.5 84 19 0.0 7.0 1.8 5.6
2016-04-20 40.5 24.0 70 17 0.0 10.6 2.3 10.6
2016-04-21 41.0 25.5 59 19 0.0 10.5 1.9 8.8
2016-04-22 42.0 27.0 48 16 0.0 9.4 1.3 8.0
2016-04-23 42.5 25.0 21 18 0.0 9.9 3.5 10.8
2016-04-24 41.5 25.5 31 15 0.0 8.7 3.7 10.8
2016-04-25 42.0 24.5 29 14 0.0 11.0 3.4 11.4
2016-04-26 42.5 27.5 68 34 0.0 11.0 2.1 9.1
2016-04-27 39.0 25.5 66 21 0.0 6.2 2.1 6.9
2016-04-28 41.0 25.0 52 17 0.0 10.6 1.9 8.2
2016-04-29 41.0 26.5 49 18 0.0 10.5 1.1 9.5
2016-04-30 41.0 26.5 43 19 0.0 10.0 3.1 10.1
2016-05-1 41.5 26.5 47 20 0.0 9.6 2.9 9.5
2016-05-2 41.5 26.5 58 24 0.0 8.3 3.9 10.0
2016-05-3 41.0 26.0 57 24 0.4 7.9 2.1 8.5
2016-05-4 41.0 22.5 70 28 3.8 7.3 4.0 8.0
2016-05-5 39.0 21.0 65 39 9.4 10.9 5.1 8.2
2016-05-6 36.5 18.5 100 49 79.0 10.7 3.7 6.8
2016-05-7 31.5 23.0 74 41 0.0 8.0 3.2 5.0
2016-05-8 36.0 19.0 64 33 38.0 8.0 3.9 6.0
2016-05-9 36.0 24.0 81 34 0.0 7.9 1.0 6.8
2016-05-10 38.0 18.5 95 41 8.2 8.5 3.9 5.6
2016-05-11 35.0 22.5 92 37 1.0 5.8 2.4 3.8
2016-05-12 37.0 22.5 77 35 0.0 10.5 1.8 6.0
2016-05-13 38.0 25.5 71 32 0.0 10.5 1.0 6.6
2016-05-14 39.0 25.0 56 28 0.0 10.5 1.1 7.0
2016-05-15 40.0 24.0 77 36 1.2 10.6 2.4 7.2
2016-05-16 37.0 24.0 65 36 0.0 5.2 1.0 4.7
2016-05-17 38.0 25.0 75 43 0.0 8.1 1.0 7.0
2016-05-18 35.5 25.5 77 51 0.0 5.7 1.4 5.5
2016-05-19 34.0 25.0 77 58 0.0 3.7 1.6 5.7
2016-05-20 32.0 25.0 77 49 0.0 0.0 4.3 3.3
2016-05-21 37.0 20.0 81 46 14.4 5.0 0.0 5.6
2016-05-22 39.0 25.5 71 26 0.0 10.2 0.0 10.0
2016-05-23 41.0 26.0 77 29 0.0 10.7 0.0 11.0
2016-05-24 40.0 27.5 59 33 0.0 11.0 0.0 11.1
2016-05-25 39.5 27.5 65 29 0.0 10.9 0.0 11.2
2016-05-26 39.0 26.5 67 31 0.0 7.1 0.0 10.0
2016-05-27 40.0 27.0 65 31 0.0 11.0 0.0 10.0
2016-05-28 40.0 24.5 65 33 2.0 10.1 0.0 10.8
2016-05-29 39.0 24.5 77 46 0.0 10.5 0.0 9.4
2016-05-30 38.0 26.0 59 32 0.0 10.8 0.0 10.6
2016-05-31 38.0 27.0 59 31 0.0 9.2 0.0 10.0
2016-06-1 39.0 25.0 77 41 5.2 6.4 0.0 7.6
2016-06-2 37.0 24.5 71 56 1.0 4.8 0.0 6.8
2016-06-3 33.0 24.0 77 37 0.0 2.8 0.0 6.0
2016-06-4 39.5 22.5 88 64 6.4 7.4 0.0 7.0
2016-06-5 34.0 21.5 87 59 6.8 3.0 0.0 4.4
2016-06-6 32.0 23.5 84 65 0.0 4.8 0.0 6.6
2016-06-7 32.0 21.0 87 66 27.6 1.0 0.0 3.8
2016-06-8 30.5 23.5 92 63 0.4 0.0 0.0 2.2
2016-06-9 30.0 24.0 84 54 0.0 1.3 0.0 3.4
2016-06-10 33.5 24.0 81 55 0.0 3.4 0.0 5.0
2016-06-11 35.0 24.0 84 66 0.0 6.8 0.0 6.5
2016-06-12 30.0 24.0 81 58 0.0 0.0 0.0 4.0
2016-06-13 33.5 24.0 81 61 0.0 4.0 0.0 5.1
2016-06-14 32.0 23.5 81 53 0.0 5.2 0.0 6.0
2016-06-15 36.5 24.0 80 45 0.0 10.7 0.0 9.0
2016-06-16 36.0 24.0 80 44 0.0 10.7 0.0 10.0
2016-06-17 37.0 26.0 64 40 0.0 10.3 0.0 10.2
2016-06-18 36.0 23.5 84 59 3.6 2.6 0.0 5.8
2016-06-19 31.0 22.0 92 84 0.8 0.0 0.0 3.8
2016-06-20 26.0 22.5 92 78 0.0 0.0 0.0 1.9
2016-06-21 29.0 22.0 89 56 0.0 1.3 0.0 1.8
2016-06-22 33.5 22.5 95 64 1.4 10.5 0.0 5.6
2016-06-23 33.5 23.0 84 48 0.0 7.2 0.0 5.4
2016-06-24 34.5 23.5 79 56 0.0 9.3 0.0 6.2
2016-06-25 33.0 22.5 81 53 0.0 3.8 0.0 4.7
2016-06-26 33.0 21.5 95 63 19.6 7.1 0.0 5.6
2016-06-27 30.5 22.5 87 66 0.0 2.3 0.0 4.4
2016-06-28 32.0 22.0 97 80 11.6 2.5 0.0 3.9
2016-06-29 27.0 23.0 89 87 1.4 0.0 0.0 1.6
2016-06-30 26.5 22.0 84 66 4.2 0.0 0.0 2.2
2016-07-1 29.5 21.5 87 69 10.2 0.8 0.0 3.2
2016-07-2 29.5 23.5 89 64 0.0 3.8 0.0 4.0
2016-07-3 31.0 23.0 77 68 0.0 0.7 0.0 4.0
2016-07-4 29.0 23.5 84 64 0.0 0.0 0.0 2.2
2016-07-5 31.5 23.5 84 56 0.0 2.2 0.0 4.2
2016-07-6 32.0 22.5 84 61 3.2 4.1 0.0 4.0
2016-07-7 31.5 23.0 87 65 0.8 6.2 0.0 5.2
2016-07-8 28.5 23.5 87 67 0.0 0.0 0.0 3.8
2016-07-9 28.5 22.5 84 84 4.0 0.6 0.0 3.8
2016-07-10 27.5 22.0 91 73 6.6 0.0 0.0 2.6
2016-07-11 27.5 22.5 92 87 2.0 0.0 0.0 2.6
2016-07-12 26.0 23.0 87 69 2.0 0.0 0.0 2.6
2016-07-13 31.0 22.5 87 60 1.0 6.3 0.0 4.4
2016-07-14 32.0 22.0 88 52 0.0 8.7 0.0 5.8
2016-07-15 32.5 23.5 87 51 0.0 9.2 0.0 5.5
2016-07-16 34.0 24.5 77 49 0.0 10.3 0.0 7.2
2016-07-17 32.0 24.0 77 52 0.0 0.4 0.0 4.3
2016-07-18 32.5 24.0 77 55 0.0 3.1 0.0 4.4
2016-07-19 33.0 23.0 87 71 0.0 3.4 0.0 3.8
2016-07-20 29.0 21.5 97 65 13.2 0.0 0.0 3.0
2016-07-21 29.0 22.0 87 74 0.0 1.9 0.0 2.5
2016-07-22 28.0 22.0 95 74 5.8 1.1 0.0 2.8
2016-07-23 28.5 22.0 91 74 0.0 1.2 0.0 2.4
2016-07-24 29.0 22.5 92 75 1.4 0.8 0.0 2.2
2016-07-25 29.5 23.5 92 64 0.0 0.0 0.0 3.0
2016-07-26 32.5 23.0 100 61 19.2 5.5 0.0 3.8
2016-07-27 32.0 23.0 97 100 2.6 4.3 0.0 3.2
2016-07-28 30.5 23.0 100 67 30.4 2.1 0.0 2.2
2016-07-29 31.5 22.5 92 68 0.0 5.2 0.0 3.2
2016-07-30 30.0 22.5 95 75 18.7 2.7 0.0 3.0
2016-07-31 29.0 22.0 95 73 23.6 0.0 0.0 2.9
2016-08-1 28.5 22.0 97 84 11.5 1.4 0.0 3.5
2016-08-2 26.5 23.0 88 77 1.7 0.0 0.0 2.6
2016-08-3 27.5 22.5 91 82 0.6 0.0 0.0 2.8
2016-08-4 27.5 22.5 88 78 6.4 0.2 0.0 3.0
2016-08-5 30.0 22.5 88 74 4.2 1.6 0.0 3.2
2016-08-6 29.0 23.5 84 66 0.0 2.2 0.0 3.2
2016-08-7 30.0 23.5 87 68 0.0 5.7 0.0 4.2
2016-08-8 30.0 22.5 88 60 0.0 6.1 0.0 4.0
2016-08-9 31.5 22.5 84 63 0.0 10.1 0.0 6.0
2016-08-10 32.0 22.5 81 63 0.0 8.3 0.0 5.6
2016-08-11 32.0 23.0 87 60 0.0 6.4 0.0 5.4
2016-08-12 31.0 23.0 84 60 0.0 6.1 0.0 6.0
2016-08-13 32.0 22.5 87 66 2.2 8.4 0.0 5.2
2016-08-14 31.0 23.5 87 62 0.0 9.2 0.0 5.0
2016-08-15 30.0 22.0 77 66 0.0 4.8 0.0 4.2
2016-08-16 29.5 22.0 79 57 0.0 4.8 0.0 4.4
2016-08-17 30.5 21.5 83 52 0.0 8.5 0.0 5.0
2016-08-18 31.5 22.5 83 55 0.0 9.8 0.0 5.6
2016-08-19 32.0 22.0 87 50 0.0 9.0 0.0 6.0
2016-08-20 32.0 22.5 79 47 0.0 10.6 0.0 7.0
2016-08-21 32.5 22.0 81 45 0.0 10.0 0.0 7.0
2016-08-22 34.0 24.5 79 47 0.0 10.2 0.0 7.1
2016-08-23 33.0 23.5 81 43 0.0 5.9 0.0 6.8
2016-08-24 33.0 23.0 84 57 0.0 9.4 0.0 7.0
2016-08-25 33.0 24.0 84 92 0.0 9.2 0.0 6.4
2016-08-26 28.5 22.5 95 59 13.8 1.1 0.0 1.4
2016-08-27 32.0 24.0 89 61 0.0 8.5 0.0 4.2
2016-08-28 32.5 22.0 95 72 91.0 8.1 0.0 overflow
2016-08-29 30.5 24.0 92 72 0.0 5.3 0.0 3.0
2016-08-30 31.0 23.5 97 100 0.0 2.4 0.0 3.2
2016-08-31 26.0 22.0 100 100 49.2 0.0 0.0 1.8
2016-09-1 25.5 23.0 97 85 65.4 0.0 0.0 2.0
2016-09-2 29.0 22.5 97 69 2.8 2.0 0.0 2.2
2016-09-3 30.0 22.0 95 69 16.2 6.9 0.0 3.8
2016-09-4 30.0 22.5 92 68 0.0 6.5 0.0 3.8
2016-09-5 29.5 21.5 95 59 3.0 0.6 0.0 2.8
2016-09-6 30.0 21.0 91 54 0.0 8.8 0.0 4.8
2016-09-7 30.0 21.5 91 54 0.0 8.6 0.0 4.7
2016-09-8 30.0 20.5 83 54 0.0 9.2 0.0 4.7
2016-09-9 31.0 22.5 84 56 0.0 9.6 0.0 5.2
2016-09-10 31.0 24.0 84 82 0.0 5.0 0.0 4.9
2016-09-11 27.0 22.0 88 74 9.4 0.0 0.0 2.6
2016-09-12 28.0 22.5 92 80 8.4 1.2 0.0 2.7
2016-09-13 28.0 22.0 91 73 27.8 0.2 0.0 2.2
2016-09-14 27.5 20.0 100 92 41.0 0.0 0.0 2.3
2016-09-15 26.5 21.5 100 100 26.0 0.0 0.0 2.0
2016-09-16 26.0 22.5 97 72 15.6 0.0 0.0 1.8
2016-09-17 30.0 22.5 95 92 7.5 2.2 0.0 2.1
2016-09-18 27.0 21.0 91 71 1.0 0.3 0.0 1.8
2016-09-19 29.5 21.5 91 71 1.7 5.8 0.0 3.3
2016-09-20 29.0 22.5 87 75 6.8 2.9 0.0 3.5
2016-09-21 29.0 21.5 100 92 37.8 4.2 0.0 2.8
2016-09-22 27.0 23.0 95 100 2.4 0.6 0.0 2.0
2016-09-23 29.0 21.5 100 95 48.2 1.3 0.0 2.6
2016-09-24 25.0 22.0 100 100 28.8 0.0 0.0 2.4
2016-09-25 24.5 21.5 100 89 27.8 0.0 0.0 1.8
2016-09-26 26.0 22.0 97 82 13.0 0.0 0.0 2.0
2016-09-27 28.5 22.0 97 75 1.0 1.2 0.0 2.2
2016-09-28 29.5 22.5 95 64 0.0 2.1 0.0 2.2
2016-09-29 31.0 22.0 95 68 0.0 4.2 0.0 3.0
2016-09-30 30.5 22.0 95 74 0.0 7.4 0.0 3.6
2016-10-1 29.0 21.0 100 78 3.2 2.4 0.0 3.6
2016-10-2 29.0 22.0 91 59 0.0 1.4 0.0 2.6
2016-10-3 30.0 21.0 91 62 0.0 7.2 0.0 3.6
2016-10-4 30.5 22.5 88 68 0.0 9.0 0.0 4.4
2016-10-5 31.5 21.5 88 66 0.0 9.1 0.0 4.9
2016-10-6 30.0 22.5 87 60 1.2 5.6 0.0 4.2
2016-10-7 31.0 22.5 87 68 0.0 5.5 0.0 3.4
2016-10-8 30.0 22.0 100 8 10.8 4.7 0.0 4.0
2016-10-9 26.5 22.0 92 100 12.4 0.0 0.0 2.1
2016-10-10 27.0 22.0 97 60 4.6 0.0 0.0 1.4
2016-10-11 30.5 21.0 92 63 0.0 6.1 0.0 2.4
2016-10-12 31.5 20.5 97 43 0.0 8.5 0.0 4.0
2016-10-13 32.0 22.0 83 47 0.0 9.2 0.0 3.9
2016-10-14 31.5 16.0 100 35 0.0 8.6 0.0 3.7
2016-10-15 30.0 15.5 94 33 0.0 8.5 0.0 3.4
2016-10-16 30.5 15.0 94 40 0.0 10.0 0.0 4.0
2016-10-17 30.0 15.0 94 33 0.0 9.2 0.0 4.2
2016-10-18 31.0 15.0 94 36 0.0 9.9 0.0 4.1
2016-10-19 31.0 14.5 90 36 0.0 9.7 0.0 4.4
2016-10-20 30.5 14.0 94 31 0.0 9.5 0.0 4.0
2016-10-21 31.0 13.5 89 30 0.0 7.4 0.0 3.7
2016-10-22 30.0 14.0 90 33 0.0 9.3 0.0 4.4
2016-10-23 30.5 14.5 96 38 0.0 9.7 0.0 4.2
2016-10-24 30.5 17.5 91 38 0.0 9.5 0.0 4.0
2016-10-25 30.0 17.0 91 40 0.0 6.7 0.0 3.9
2016-10-26 30.0 15.5 90 38 0.0 7.7 0.0 4.2
2016-10-27 30.5 14.5 96 38 0.0 9.3 0.0 4.3
2016-10-28 30.0 13.0 89 43 0.0 9.6 0.0 3.8
2016-10-29 30.0 21.5 71 59 0.0 8.4 0.0 4.3
2016-10-30 30.0 23.0 89 54 0.0 1.2 0.0 2.2
2016-10-31 31.5 22.0 87 56 0.0 6.2 0.0 3.2
2016-11-1 31.0 20.5 69 39 0.0 6.3 0.0 4.0
2016-11-2 31.0 17.5 90 43 0.0 9.4 0.0 4.2
2016-11-3 31.0 17.5 91 43 0.0 8.6 0.0 3.6
2016-11-4 31.5 17.0 91 36 0.0 8.9 0.0 3.5
2016-11-5 31.0 15.5 87 38 0.0 9.6 0.0 3.9
2016-11-6 30.5 16.0 90 40 0.0 8 0.0 3.8
2016-11-7 30.0 13.0 89 27 0.0 5.5 0.0 3.2
2016-11-8 30.0 11.5 89 22 0.0 9.0 0.0 4.0
2016-11-9 30.0 11.0 89 25 0.0 9.0 0.0 4.0
2016-11-10 30.0 10.5 84 22 0.0 9.4 0.0 3.9
2016-11-11 29.5 8.5 88 27 0.0 9.0 0.0 3.9
2016-11-12 29.0 8.5 88 34 0.0 9.0 0.0 3.7
2016-11-13 29.0 14.0 84 42 0.0 8.5 0.0 3.3
2016-11-14 30.0 17.0 87 56 0.0 7.2 0.0 3.5
2016-11-15 30.0 21.5 91 56 0.0 5.5 0.0 3.1
2016-11-16 30.5 18.5 91 48 0.0 4.2 0.0 2.8
2016-11-17 30.5 16.0 90 47 0.0 5.8 0.0 3.2
2016-11-18 29.5 14.5 90 31 0.0 5.2 0.0 3.3
2016-11-19 29.5 10.0 88 29 0.0 8.7 0.0 3.7
2016-11-20 29.5 9.5 93 27 0.0 5.6 0.0 3.7
2016-11-21 29.5 9.5 89 28 0.0 9.0 0.0 3.7
2016-11-22 30.0 9.5 82 24 0.0 9.4 0.0 3.9
2016-11-23 30.5 9.5 95 30 0.0 9.6 0.0 4.1
2016-11-24 29.5 10.5 93 32 0.0 9.5 0.0 3.2
2016-11-25 29.5 10.0 88 27 0.0 9.3 0.0 3.2
2016-11-26 30.5 9.0 84 22 0.0 9.5 0.0 3.9
2016-11-27 31.0 9.0 84 24 0.0 9.7 0.0 3.7
2016-11-28 32.0 9.0 93 25 0.0 9.6 0.0 3.5
2016-11-29 31.5 9.5 88 25 0.0 9.1 0.0 3.2
2016-11-30 31.0 9.5 95 35 0.0 8.5 0.0 3.5
2016-12-1 30.0 11.5 96 31 0.0 6.2 0.0 2.8
2016-12-2 29.5 12.5 96 58 0.0 5.2 0.0 2.8
2016-12-3 28.5 19.0 91 58 0.0 5.3 0.0 2.7
2016-12-4 29.5 19.0 91 59 0.0 6.5 0.0 3.3
2016-12-5 29.5 17.5 94 40 0.0 4.9 0.0 2.7
2016-12-6 30.0 11.5 89 40 0.0 8.7 0.0 3.4
2016-12-7 27.5 11.5 95 41 0.0 8.5 0.0 3.1
2016-12-8 29.5 11.0 95 29 0.0 8.9 0.0 3.1
2016-12-9 29.0 8.5 93 29 0.0 9.0 0.0 3.1
2016-12-10 28.5 7.0 95 25 0.0 9.0 0.0 2.9
2016-12-11 28.0 7.5 95 31 0.0 8.8 0.0 3.0
2016-12-12 29.5 8.5 77 43 0.0 8.6 0.0 4.5
2016-12-13 30.0 13.5 52 66 0.0 7.6 0.0 4.0
2016-12-14 27.5 21.0 91 88 0.6 5.4 0.0 3.1
2016-12-15 23.0 16.5 100 53 1.4 0.0 0.0 1.4
2016-12-16 29.0 18.0 94 53 0.0 7.5 0.0 3.0
2016-12-17 29.0 14.3 90 30 0.0 9.0 0.0 2.0
2016-12-18 30.0 11.5 89 19 0.0 9.2 0.0 2.6
2016-12-19 30.0 10.0 84 32 0.0 9.3 0.0 3.6
2016-12-20 28.0 8.6 93 30 0.0 9.2 0.0 4.8
2016-12-21 28.5 7.5 88 21 0.0 8.4 0.0 3.8
2016-12-22 30.5 7.0 87 20 0.0 9.4 0.0 4.2
2016-12-23 30.0 7.5 87 16 0.0 9.5 0.0 4.4
2016-12-24 30.0 7.0 95 29 0.0 9.6 0.0 4.8
2016-12-25 29.5 7.5 78 25 0.0 9.4 0.0 4.0
2016-12-26 30.0 7.5 100 21 0.0 9.4 0.0 3.6
2016-12-27 32.5 9.5 93 35 0.0 9.0 0.0 3.8
2016-12-28 28.5 7.5 87 34 0.0 9.1 0.0 3.4
2016-12-29 28.5 10.5 95 39 0.0 9.1 0.0 3.0
2016-12-30 27.5 10.5 88 36 0.0 8.2 0.0 2.8
2016-12-31 29.0 11.0 95 29 0.0 8.5 0.0 2.8
