0.0	0.0	0.0	0.0	0.0	0.0	0.0	0.0
28.5	10.5	81.0	29.0	2.4	0.0	9.7	4.7
0.0	0.0	0.0	0.0	0.0	0.0	0.0	0.0
28.0	13.5	89.0	41.0	4.3	0.0	9.5	4.0
0.0	0.0	0.0	0.0	0.0	0.0	0.0	0.0
29.0	16.1	90.0	36.0	4.2	0.0	8.6	2.2
0.0	0.0	0.0	0.0	0.0	0.0	0.0	0.0
0.0	0.0	0.0	0.0	0.0	0.0	0.0	0.0
0.0	0.0	0.0	0.0	0.0	0.0	0.0	0.0
0.0	0.0	0.0	0.0	0.0	0.0	0.0	0.0
0.0	0.0	0.0	0.0	0.0	0.0	0.0	0.0
0.0	0.0	0.0	0.0	0.0	0.0	0.0	0.0
0.0	0.0	0.0	0.0	0.0	0.0	0.0	0.0
0.0	0.0	0.0	0.0	0.0	0.0	0.0	0.0
0.0	0.0	0.0	0.0	0.0	0.0	0.0	0.0
0.0	0.0	0.0	0.0	0.0	0.0	0.0	0.0
0.0	0.0	0.0	0.0	0.0	0.0	0.0	0.0
0.0	0.0	0.0	0.0	0.0	0.0	0.0	0.0
0.0	0.0	0.0	0.0	0.0	0.0	0.0	0.0
0.0	0.0	0.0	0.0	0.0	0.0	0.0	0.0
0.0	0.0	0.0	0.0	0.0	0.0	0.0	0.0
0.0	0.0	0.0	0.0	0.0	0.0	0.0	0.0
0.0	0.0	0.0	0.0	0.0	0.0	0.0	0.0
0.0	0.0	0.0	0.0	0.0	0.0	0.0	0.0
0.0	0.0	0.0	0.0	0.0	0.0	0.0	0.0
0.0	0.0	0.0	0.0	0.0	0.0	0.0	0.0
0.0	0.0	0.0	0.0	0.0	0.0	0.0	0.0
0.0	0.0	0.0	0.0	0.0	0.0	0.0	0.0
0.0	0.0	0.0	0.0	0.0	0.0	0.0	0.0
0.0	0.0	0.0	0.0	0.0	0.0	0.0	0.0
30.0	22.0	84.0	62.0	7.9	0.0	4.0	3.1
32.0	22.5	89.0	52.0	0.6	0.0	2.0	2.8
0.0	0.0	0.0	0.0	0.0	0.0	0.0	0.0
31.5	23.4	81.4	56.8	3.3	1.08	6.16	5.58
29.7	21.76	93.2	72.4	3.56	10.96	2.4	2.6
28.6666666667	22.3333333333	92.3333333333	71.0	0.866666666667	17.3333333333	3.66666666667	3.13333333333
30.48	21.8	87.0	55.8	1.24	0.0	3.94	3.58
30.5	21.875	94.875	64.5	0.725	7.125	5.5375	3.25
32.5	19.7857142857	85.2857142857	40.1428571429	0.857142857143	0.0	7.1	4.1
32.6	18.7	90.8	38.4	0.76	0.0	8.28	4.16
31.25	18.9	90.25	53.0	2.15	3.4	6.75	4.775
29.8333333333	19.5333333333	92.5	54.6666666667	1.3	2.3	6.05	2.95
29.6428571429	15.6857142857	89.0	61.5714285714	2.3	0.0	6.47142857143	3.98571428571
30.5	15.5	84.5	47.5	2.35	0.0	6.9	3.65
30.1666666667	17.3666666667	90.6666666667	46.6666666667	0.8	0.0	6.33333333333	3.56666666667
30.6666666667	19.5	86.6666666667	56.6666666667	0.9	0.0	8.86666666667	4.46666666667
33.25	13.6	70.0	29.5	1.75	0.0	10.2	3.65
30.75	14.05	85.0	37.0	2.4	0.0	8.65	3.9
29.0	11.1	89.0	39.0	1.8	0.0	9.0	3.3
0.0	0.0	0.0	0.0	0.0	0.0	0.0	0.0
0.0	0.0	0.0	0.0	0.0	0.0	0.0	0.0
0.0	0.0	0.0	0.0	0.0	0.0	0.0	0.0
0.0	0.0	0.0	0.0	0.0	0.0	0.0	0.0
0.0	0.0	0.0	0.0	0.0	0.0	0.0	0.0
0.0	0.0	0.0	0.0	0.0	0.0	0.0	0.0
0.0	0.0	0.0	0.0	0.0	0.0	0.0	0.0
0.0	0.0	0.0	0.0	0.0	0.0	0.0	0.0
0.0	0.0	0.0	0.0	0.0	0.0	0.0	0.0
0.0	0.0	0.0	0.0	0.0	0.0	0.0	0.0
0.0	0.0	0.0	0.0	0.0	0.0	0.0	0.0
