-0.750566
0.209016
0.274672
-0.760726
-0.727592
0.590641
0.650791
-0.038295
0.107900
0.529552
0.758918
-0.064876
-0.217675
0.140610
0.747156
-0.361012
0.357128
0.172231
0.479559
0.435425
-0.235866
0.585742
-0.709733
0.155838
0.315927
0.884329
0.492370
0.765596
-0.356797
0.909070
0.074227
0.720825
0.752478
-0.175306
-0.172668
0.156649
-0.570579
0.708491
0.297006
-0.018390
-0.089171
0.608949
-0.833585
1.148996
-0.412575
0.252762
0.753249
-0.040676
-0.114168
-0.391994
-0.530702
-0.621884
0.220802
0.697238
-0.678743
0.470707
-0.162901
0.537951
0.279159
-0.742286
-0.707496
0.028892
-0.992613
0.778928
-0.358485
-0.002883
0.787550
-0.472450
-0.072304
-0.543853
0.397208
-0.555097
0.569094
0.701616
0.710685
0.052738
0.057569
0.539779
0.258917
0.865203
-0.219318
0.984525
-0.013661
-0.405586
0.510921
-0.116342
0.915053
0.474744
0.027287
0.143744
0.027854
-0.228598
0.735190
-0.744385
-0.330168
-0.143643
-0.223063
-0.463820
-0.693457
-0.494709
-0.790469
-0.318809
0.347487
-0.750443
-0.175734
