0.0370674748543 0.0300070034535 0.0276535129865 0.0392248411156 0.043081950492 0.0549583607187 0.0589171641276 0.035525115361 0.0277277657722 0.055135652696 0.064271615004 0.0408401680202 0.0330296856923 0.0180703666316 0.0130839269447 0.0502543730869 0.0626445218009 0.0650094535221 0.0657977640958 0.0537047093356 0.0496736910822 0.0200881327278 0.010226279943 0.00693899568141 0.00529535355061 0.00529535355061 0.00529535355061 0.00529535355061 0.00529535355061 0.00529535355061 0.00529535355061
0.0322580645161 0.0322580645161 0.0322580645161 0.0322580645161 0.0322580645161 0.0322580645161 0.0322580645161 0.0322580645161 0.0322580645161 0.0322580645161 0.0322580645161 0.0322580645161 0.0322580645161 0.0322580645161 0.0322580645161 0.0322580645161 0.0322580645161 0.0322580645161 0.0322580645161 0.0322580645161 0.0322580645161 0.0322580645161 0.0322580645161 0.0322580645161 0.0322580645161 0.0322580645161 0.0322580645161 0.0322580645161 0.0322580645161 0.0322580645161 0.0322580645161
0.0308158458343 0.0253374732415 0.0235113490439 0.0311201998672 0.033656483475 0.0440890633816 0.0475665900171 0.0309210546358 0.025372542842 0.0522844950228 0.0612551457497 0.0409622791394 0.0341979902693 0.0333128204608 0.033017763858 0.0507241225835 0.0566262421587 0.0763983262769 0.082989020983 0.0605332425509 0.0530479830735 0.0231610336173 0.0131987171319 0.00713875867367 0.00410877944457 0.00410877944457 0.00410877944457 0.00410877944457 0.00410877944457 0.00410877944457 0.00410877944457
0.030303133977 0.030303133977 0.030303133977 0.030303133977 0.030303133977 0.030303133977 0.030303133977 0.030303133977 0.030303133977 0.030303133977 0.030303133977 0.030303133977 0.030303133977 0.040404178636 0.0437711935224 0.0448935318178 0.045267644583 0.035291304179 0.0319658573777 0.0308573751106 0.0304878810215 0.0303647163252 0.0303236614264 0.0303099764601 0.030303133977 0.030303133977 0.030303133977 0.030303133977 0.030303133977 0.030303133977 0.030303133977
0.0810238850125 0.0353181037234 0.0200828432937 0.0191594941767 0.0188517111378 0.0229041878177 0.0242550133777 0.0163951465118 0.0137751908898 0.0129018723492 0.012610766169 0.0374441569332 0.0457219538547 0.0277058643637 0.0217005012001 0.0986450629782 0.124293250238 0.0871368647016 0.0747514028563 0.0415374183905 0.0304660902353 0.0184655054643 0.0144653105407 0.0131319122328 0.0124652130788 0.0124652130788 0.0124652130788 0.0124652130788 0.0124652130788 0.0124652130788 0.0124652130788
0.0322580645161 0.0322580645161 0.0322580645161 0.0322580645161 0.0322580645161 0.0322580645161 0.0322580645161 0.0322580645161 0.0322580645161 0.0322580645161 0.0322580645161 0.0322580645161 0.0322580645161 0.0322580645161 0.0322580645161 0.0322580645161 0.0322580645161 0.0322580645161 0.0322580645161 0.0322580645161 0.0322580645161 0.0322580645161 0.0322580645161 0.0322580645161 0.0322580645161 0.0322580645161 0.0322580645161 0.0322580645161 0.0322580645161 0.0322580645161 0.0322580645161
0.0327987507283 0.0240524172007 0.0211369726916 0.0201651578552 0.0198412195764 0.0153600733863 0.0138663579897 0.0527269537314 0.0656804856453 0.043759329034 0.0364522768302 0.0296434259985 0.0273738090546 0.0353636036008 0.0380268684496 0.0651536239818 0.0741958758259 0.0815831265377 0.0840455434416 0.0455078482023 0.0326619497892 0.0196336501239 0.0152908835689 0.0138432947172 0.0131195002913 0.0131195002913 0.0131195002913 0.0131195002913 0.0131195002913 0.0131195002913 0.0131195002913
0.0579712042024 0.0386474694683 0.0322062245569 0.0300591429198 0.0293434490407 0.0291048844144 0.0290253628723 0.0289988556916 0.0289900199647 0.0289870747224 0.0289860929749 0.0289857657258 0.0289856566427 0.0386474876488 0.0418680979841 0.0429416347626 0.0432994803554 0.0337568948526 0.0305760330183 0.0295157457403 0.0291623166476 0.02904450695 0.0290052370508 0.0289921470844 0.0289856021012 0.0289856021012 0.0289856021012 0.0289856021012 0.0289856021012 0.0289856021012 0.0289856021012
0.0294117843594 0.0294117843594 0.0294117843594 0.0294117843594 0.0294117843594 0.0294117843594 0.0294117843594 0.0294117843594 0.0294117843594 0.0392157124793 0.0424836885192 0.033769085746 0.030864218155 0.0495037851976 0.0557169742118 0.0381801809769 0.0323345832319 0.0303860506503 0.0297365397897 0.0295200361695 0.0294478682961 0.0294238123383 0.0294157936857 0.0294131208015 0.0294117843594 0.0294117843594 0.0294117843594 0.0294117843594 0.0294117843594 0.0294117843594 0.0294117843594
0.0263158060797 0.0263158060797 0.0263158060797 0.0263158060797 0.0263158060797 0.0526316121595 0.0614035475194 0.0380117198929 0.0302144440175 0.0363872874189 0.038444901886 0.0391307733751 0.0393593972048 0.0482075405079 0.0511569216089 0.0345961779228 0.0290759300274 0.0272358473956 0.0266224865184 0.0264180328926 0.026349881684 0.0263271646145 0.026319592258 0.0263170681391 0.0263158060797 0.0263158060797 0.0263158060797 0.0263158060797 0.0263158060797 0.0263158060797 0.0263158060797
0.0387096777752 0.0301075271585 0.0272401436196 0.0262843491066 0.0259657509356 0.0258595515453 0.0258241517485 0.0688231048998 0.0831560892836 0.0621272988947 0.0551177020984 0.0355768685995 0.0290632574333 0.0268920537112 0.0261683191371 0.0259270742791 0.0258466593265 0.0258198543422 0.0258109193475 0.0258079410159 0.0258069482387 0.025806617313 0.0258065070044 0.0258064702349 0.0258064518501 0.0258064518501 0.0258064518501 0.0258064518501 0.0258064518501 0.0258064518501 0.0258064518501
0.0312500000017 0.0312500000017 0.0312500000017 0.0312500000017 0.0312500000017 0.0416666666689 0.0451388888913 0.0358796296316 0.0327932098783 0.0317644032939 0.0314214677658 0.031307155923 0.0312690519755 0.0312563506596 0.0312521168877 0.0312507056303 0.0312502352112 0.0312500784049 0.0312500261361 0.0312500087131 0.0312500029055 0.0312500009696 0.0312500003243 0.0312500001092 0.0312500000017 0.0312500000017 0.0312500000017 0.0312500000017 0.0312500000017 0.0312500000017 0.0312500000017
0.0322580645161 0.0322580645161 0.0322580645161 0.0322580645161 0.0322580645161 0.0322580645161 0.0322580645161 0.0322580645161 0.0322580645161 0.0322580645161 0.0322580645161 0.0322580645161 0.0322580645161 0.0322580645161 0.0322580645161 0.0322580645161 0.0322580645161 0.0322580645161 0.0322580645161 0.0322580645161 0.0322580645161 0.0322580645161 0.0322580645161 0.0322580645161 0.0322580645161 0.0322580645161 0.0322580645161 0.0322580645161 0.0322580645161 0.0322580645161 0.0322580645161
0.031250001225 0.031250001225 0.031250001225 0.031250001225 0.031250001225 0.031250001225 0.031250001225 0.031250001225 0.031250001225 0.031250001225 0.031250001225 0.0416666683001 0.0451388906584 0.0358796310362 0.0327932111621 0.0317644045374 0.0314214689958 0.0313071571486 0.0312690531996 0.0312563518832 0.0312521181111 0.0312507068537 0.0312502364346 0.0312500796282 0.031250001225 0.031250001225 0.031250001225 0.031250001225 0.031250001225 0.031250001225 0.031250001225
0.0312500001361 0.0312500001361 0.0312500001361 0.0312500001361 0.0312500001361 0.0312500001361 0.0312500001361 0.0312500001361 0.0312500001361 0.0416666668482 0.0451388890855 0.0358796297859 0.0327932100194 0.0317644034305 0.0314214679009 0.0313071560577 0.03126905211 0.0312563507941 0.0312521170221 0.0312507057648 0.0312502353457 0.0312500785393 0.0312500262705 0.0312500088476 0.0312500001361 0.0312500001361 0.0312500001361 0.0312500001361 0.0312500001361 0.0312500001361 0.0312500001361
0.0250019689472 0.0250019689472 0.0250019689472 0.0250019689472 0.0250019689472 0.0333359585963 0.036113955146 0.0287059643468 0.0262366340804 0.0337475136407 0.0362511401608 0.0287516926851 0.0262518768598 0.0254186049181 0.0251408476042 0.0583842204291 0.0694653447041 0.0648250631467 0.0632783026276 0.0377607468407 0.0292548949117 0.0264196109354 0.0254745162766 0.0251594847237 0.0250019689472 0.0250019689472 0.0250019689472 0.0250019689472 0.0250019689472 0.0250019689472 0.0250019689472
0.030303030559 0.030303030559 0.030303030559 0.030303030559 0.030303030559 0.030303030559 0.030303030559 0.030303030559 0.030303030559 0.0505050509317 0.0572390577226 0.0392817062802 0.0332959224661 0.0313006611947 0.0306355741042 0.0304138784074 0.0303399798418 0.0303153469866 0.0303071360349 0.030304399051 0.030303486723 0.0303031826137 0.0303030812439 0.030303047454 0.030303030559 0.030303030559 0.030303030559 0.030303030559 0.030303030559 0.030303030559 0.030303030559
0.0322580645161 0.0322580645161 0.0322580645161 0.0322580645161 0.0322580645161 0.0322580645161 0.0322580645161 0.0322580645161 0.0322580645161 0.0322580645161 0.0322580645161 0.0322580645161 0.0322580645161 0.0322580645161 0.0322580645161 0.0322580645161 0.0322580645161 0.0322580645161 0.0322580645161 0.0322580645161 0.0322580645161 0.0322580645161 0.0322580645161 0.0322580645161 0.0322580645161 0.0322580645161 0.0322580645161 0.0322580645161 0.0322580645161 0.0322580645161 0.0322580645161
0.0322580645161 0.0322580645161 0.0322580645161 0.0322580645161 0.0322580645161 0.0322580645161 0.0322580645161 0.0322580645161 0.0322580645161 0.0322580645161 0.0322580645161 0.0322580645161 0.0322580645161 0.0322580645161 0.0322580645161 0.0322580645161 0.0322580645161 0.0322580645161 0.0322580645161 0.0322580645161 0.0322580645161 0.0322580645161 0.0322580645161 0.0322580645161 0.0322580645161 0.0322580645161 0.0322580645161 0.0322580645161 0.0322580645161 0.0322580645161 0.0322580645161
0.0312508930868 0.0312508930868 0.0312508930868 0.0312508930868 0.0312508930868 0.0312508930868 0.0312508930868 0.0312508930868 0.0312508930868 0.0312508930868 0.0312508930868 0.0312508930868 0.0312508930868 0.0312508930868 0.0312508930868 0.0312508930868 0.0312508930868 0.0416678574491 0.0451401789031 0.0358806550256 0.0327941470664 0.03176531108 0.0314223657512 0.0313080506416 0.0312508930868 0.0312508930868 0.0312508930868 0.0312508930868 0.0312508930868 0.0312508930868 0.0312508930868
0.0322580645161 0.0322580645161 0.0322580645161 0.0322580645161 0.0322580645161 0.0322580645161 0.0322580645161 0.0322580645161 0.0322580645161 0.0322580645161 0.0322580645161 0.0322580645161 0.0322580645161 0.0322580645161 0.0322580645161 0.0322580645161 0.0322580645161 0.0322580645161 0.0322580645161 0.0322580645161 0.0322580645161 0.0322580645161 0.0322580645161 0.0322580645161 0.0322580645161 0.0322580645161 0.0322580645161 0.0322580645161 0.0322580645161 0.0322580645161 0.0322580645161
0.0579725511795 0.038648367453 0.0322069728775 0.0300598413523 0.029344130844 0.0387676525377 0.0419088264357 0.0332937925384 0.0304221145726 0.0294648885841 0.0291458132545 0.0290394548113 0.029004001997 0.0289921843922 0.0289882451906 0.0289869321234 0.0289864944343 0.0386484404012 0.0418690890568 0.0332805467454 0.0304176993083 0.0294634168293 0.0291453226696 0.029039291283 0.0289862755898 0.0289862755898 0.0289862755898 0.0289862755898 0.0289862755898 0.0289862755898 0.0289862755898
0.0322580645161 0.0322580645161 0.0322580645161 0.0322580645161 0.0322580645161 0.0322580645161 0.0322580645161 0.0322580645161 0.0322580645161 0.0322580645161 0.0322580645161 0.0322580645161 0.0322580645161 0.0322580645161 0.0322580645161 0.0322580645161 0.0322580645161 0.0322580645161 0.0322580645161 0.0322580645161 0.0322580645161 0.0322580645161 0.0322580645161 0.0322580645161 0.0322580645161 0.0322580645161 0.0322580645161 0.0322580645161 0.0322580645161 0.0322580645161 0.0322580645161
0.0322580645161 0.0322580645161 0.0322580645161 0.0322580645161 0.0322580645161 0.0322580645161 0.0322580645161 0.0322580645161 0.0322580645161 0.0322580645161 0.0322580645161 0.0322580645161 0.0322580645161 0.0322580645161 0.0322580645161 0.0322580645161 0.0322580645161 0.0322580645161 0.0322580645161 0.0322580645161 0.0322580645161 0.0322580645161 0.0322580645161 0.0322580645161 0.0322580645161 0.0322580645161 0.0322580645161 0.0322580645161 0.0322580645161 0.0322580645161 0.0322580645161
0.0322580645161 0.0322580645161 0.0322580645161 0.0322580645161 0.0322580645161 0.0322580645161 0.0322580645161 0.0322580645161 0.0322580645161 0.0322580645161 0.0322580645161 0.0322580645161 0.0322580645161 0.0322580645161 0.0322580645161 0.0322580645161 0.0322580645161 0.0322580645161 0.0322580645161 0.0322580645161 0.0322580645161 0.0322580645161 0.0322580645161 0.0322580645161 0.0322580645161 0.0322580645161 0.0322580645161 0.0322580645161 0.0322580645161 0.0322580645161 0.0322580645161
0.0322580645161 0.0322580645161 0.0322580645161 0.0322580645161 0.0322580645161 0.0322580645161 0.0322580645161 0.0322580645161 0.0322580645161 0.0322580645161 0.0322580645161 0.0322580645161 0.0322580645161 0.0322580645161 0.0322580645161 0.0322580645161 0.0322580645161 0.0322580645161 0.0322580645161 0.0322580645161 0.0322580645161 0.0322580645161 0.0322580645161 0.0322580645161 0.0322580645161 0.0322580645161 0.0322580645161 0.0322580645161 0.0322580645161 0.0322580645161 0.0322580645161
0.0697690925678 0.0620169711714 0.0594329307059 0.0508194624877 0.0479483064149 0.0392391329942 0.0363360751874 0.0276162678553 0.0247096654113 0.0237407979299 0.0234178421028 0.0310623115569 0.0336104680416 0.02670773214 0.0244068201729 0.0313919709136 0.0337203544938 0.0344964823539 0.0347551916406 0.027089306673 0.0245340116839 0.0236822466875 0.023398325022 0.0233036844669 0.0232563641893 0.0232563641893 0.0232563641893 0.0232563641893 0.0232563641893 0.0232563641893 0.0232563641893
0.0529922592936 0.0309121512546 0.0235521152416 0.0210987699039 0.0202809881247 0.0200083941983 0.0199175295562 0.0154712197343 0.0139891164604 0.0134950820357 0.0133304038942 0.0265235760037 0.0309213000402 0.019139143229 0.0152117576253 0.0889749964233 0.113562742689 0.121758658111 0.124490629919 0.0503289198552 0.025608349834 0.0173681598269 0.0146214298246 0.0137058531571 0.0132480648234 0.0132480648234 0.0132480648234 0.0132480648234 0.0132480648234 0.0132480648234 0.0132480648234
0.0285714298232 0.0285714298232 0.0285714298232 0.0380952397643 0.0412698430779 0.0328042342414 0.0299823646293 0.0290417414252 0.0287282003572 0.04767130655 0.0539856752809 0.0465666549168 0.0440936481288 0.0337455025917 0.030296120746 0.0291463267975 0.028763062148 0.0286353072648 0.0285927223037 0.0285785273167 0.0285737956544 0.0285722184336 0.0285716926933 0.0285715174466 0.0285714298232 0.0285714298232 0.0285714298232 0.0285714298232 0.0285714298232 0.0285714298232 0.0285714298232
0.0322580645161 0.0322580645161 0.0322580645161 0.0322580645161 0.0322580645161 0.0322580645161 0.0322580645161 0.0322580645161 0.0322580645161 0.0322580645161 0.0322580645161 0.0322580645161 0.0322580645161 0.0322580645161 0.0322580645161 0.0322580645161 0.0322580645161 0.0322580645161 0.0322580645161 0.0322580645161 0.0322580645161 0.0322580645161 0.0322580645161 0.0322580645161 0.0322580645161 0.0322580645161 0.0322580645161 0.0322580645161 0.0322580645161 0.0322580645161 0.0322580645161
0.0322580645161 0.0322580645161 0.0322580645161 0.0322580645161 0.0322580645161 0.0322580645161 0.0322580645161 0.0322580645161 0.0322580645161 0.0322580645161 0.0322580645161 0.0322580645161 0.0322580645161 0.0322580645161 0.0322580645161 0.0322580645161 0.0322580645161 0.0322580645161 0.0322580645161 0.0322580645161 0.0322580645161 0.0322580645161 0.0322580645161 0.0322580645161 0.0322580645161 0.0322580645161 0.0322580645161 0.0322580645161 0.0322580645161 0.0322580645161 0.0322580645161
0.0472440944882 0.0367454068242 0.0332458442695 0.0320793234179 0.0316904831341 0.0315608697061 0.0315176652301 0.0315032637381 0.0314984632408 0.031496863075 0.0314963296864 0.0314961518902 0.0314960926248 0.0314960728697 0.0314960662847 0.0314960640896 0.031496063358 0.0314960631141 0.0314960630328 0.0314960630057 0.0314960629966 0.0314960629936 0.0314960629926 0.0314960629923 0.0314960629921 0.0314960629921 0.0314960629921 0.0314960629921 0.0314960629921 0.0314960629921 0.0314960629921
0.0322580645161 0.0322580645161 0.0322580645161 0.0322580645161 0.0322580645161 0.0322580645161 0.0322580645161 0.0322580645161 0.0322580645161 0.0322580645161 0.0322580645161 0.0322580645161 0.0322580645161 0.0322580645161 0.0322580645161 0.0322580645161 0.0322580645161 0.0322580645161 0.0322580645161 0.0322580645161 0.0322580645161 0.0322580645161 0.0322580645161 0.0322580645161 0.0322580645161 0.0322580645161 0.0322580645161 0.0322580645161 0.0322580645161 0.0322580645161 0.0322580645161
0.0263160023153 0.0263160023153 0.0263160023153 0.0438600038589 0.0497080043734 0.0341133363347 0.0289151136551 0.0271823727619 0.0266047924642 0.0264122656983 0.0263480901097 0.0438706997903 0.0497115696839 0.0341145247715 0.0289155098007 0.0534985071258 0.0616928395675 0.0381082813994 0.03024676201 0.0276262555469 0.0267527533925 0.0264615860077 0.0263645302128 0.0263321782812 0.0263160023153 0.0263160023153 0.0263160023153 0.0263160023153 0.0263160023153 0.0263160023153 0.0263160023153
0.0322580645161 0.0322580645161 0.0322580645161 0.0322580645161 0.0322580645161 0.0322580645161 0.0322580645161 0.0322580645161 0.0322580645161 0.0322580645161 0.0322580645161 0.0322580645161 0.0322580645161 0.0322580645161 0.0322580645161 0.0322580645161 0.0322580645161 0.0322580645161 0.0322580645161 0.0322580645161 0.0322580645161 0.0322580645161 0.0322580645161 0.0322580645161 0.0322580645161 0.0322580645161 0.0322580645161 0.0322580645161 0.0322580645161 0.0322580645161 0.0322580645161
0.0322580645161 0.0322580645161 0.0322580645161 0.0322580645161 0.0322580645161 0.0322580645161 0.0322580645161 0.0322580645161 0.0322580645161 0.0322580645161 0.0322580645161 0.0322580645161 0.0322580645161 0.0322580645161 0.0322580645161 0.0322580645161 0.0322580645161 0.0322580645161 0.0322580645161 0.0322580645161 0.0322580645161 0.0322580645161 0.0322580645161 0.0322580645161 0.0322580645161 0.0322580645161 0.0322580645161 0.0322580645161 0.0322580645161 0.0322580645161 0.0322580645161
0.0322580645161 0.0322580645161 0.0322580645161 0.0322580645161 0.0322580645161 0.0322580645161 0.0322580645161 0.0322580645161 0.0322580645161 0.0322580645161 0.0322580645161 0.0322580645161 0.0322580645161 0.0322580645161 0.0322580645161 0.0322580645161 0.0322580645161 0.0322580645161 0.0322580645161 0.0322580645161 0.0322580645161 0.0322580645161 0.0322580645161 0.0322580645161 0.0322580645161 0.0322580645161 0.0322580645161 0.0322580645161 0.0322580645161 0.0322580645161 0.0322580645161
0.0322580645161 0.0322580645161 0.0322580645161 0.0322580645161 0.0322580645161 0.0322580645161 0.0322580645161 0.0322580645161 0.0322580645161 0.0322580645161 0.0322580645161 0.0322580645161 0.0322580645161 0.0322580645161 0.0322580645161 0.0322580645161 0.0322580645161 0.0322580645161 0.0322580645161 0.0322580645161 0.0322580645161 0.0322580645161 0.0322580645161 0.0322580645161 0.0322580645161 0.0322580645161 0.0322580645161 0.0322580645161 0.0322580645161 0.0322580645161 0.0322580645161
0.0312508930868 0.0312508930868 0.0312508930868 0.0312508930868 0.0312508930868 0.0312508930868 0.0312508930868 0.0312508930868 0.0312508930868 0.0312508930868 0.0312508930868 0.0312508930868 0.0312508930868 0.0312508930868 0.0312508930868 0.0312508930868 0.0312508930868 0.0416678574491 0.0451401789031 0.0358806550256 0.0327941470664 0.03176531108 0.0314223657512 0.0313080506416 0.0312508930868 0.0312508930868 0.0312508930868 0.0312508930868 0.0312508930868 0.0312508930868 0.0312508930868
