0.0322580645161 0.0322580645161 0.0322580645161 0.0322580645161 0.0322580645161 0.0322580645161 0.0322580645161 0.0322580645161 0.0322580645161 0.0322580645161 0.0322580645161 0.0322580645161 0.0322580645161 0.0322580645161 0.0322580645161 0.0322580645161 0.0322580645161 0.0322580645161 0.0322580645161 0.0322580645161 0.0322580645161 0.0322580645161 0.0322580645161 0.0322580645161 0.0322580645161 0.0322580645161 0.0322580645161 0.0322580645161 0.0322580645161 0.0322580645161 0.0322580645161
0.0322580645161 0.0322580645161 0.0322580645161 0.0322580645161 0.0322580645161 0.0322580645161 0.0322580645161 0.0322580645161 0.0322580645161 0.0322580645161 0.0322580645161 0.0322580645161 0.0322580645161 0.0322580645161 0.0322580645161 0.0322580645161 0.0322580645161 0.0322580645161 0.0322580645161 0.0322580645161 0.0322580645161 0.0322580645161 0.0322580645161 0.0322580645161 0.0322580645161 0.0322580645161 0.0322580645161 0.0322580645161 0.0322580645161 0.0322580645161 0.0322580645161
0.0359284168346 0.0439125094645 0.0465738736744 0.0554450877076 0.0584021590521 0.0354355716105 0.0277800424633 0.0252281994142 0.0243775850645 0.024094046948 0.0239995342425 0.0319521226372 0.0346029854354 0.0354866063682 0.0357811466791 0.0518475120425 0.0572029671637 0.035035840981 0.0276467989201 0.0251837848999 0.0243627802264 0.0240891120019 0.0239978892604 0.02396748168 0.0239522778897 0.0239522778897 0.0239522778897 0.0239522778897 0.0239522778897 0.0239522778897 0.0239522778897
0.0284006188678 0.0266793692395 0.0261056193634 0.0327993679181 0.0350306174363 0.0443806154175 0.0474972814112 0.0364874226773 0.032817469766 0.0539703972975 0.0610213731413 0.0461592021391 0.0412051451383 0.0275050454063 0.0229383454956 0.0696111017859 0.085168687216 0.0748633023709 0.0714281740892 0.0410218876466 0.0308864588324 0.0137379855342 0.0080218277681 0.00611644184607 0.00516374888506 0.00516374888506 0.00516374888506 0.00516374888506 0.00516374888506 0.00516374888506 0.00516374888506
0.0312500001361 0.0312500001361 0.0312500001361 0.0312500001361 0.0312500001361 0.0312500001361 0.0312500001361 0.0312500001361 0.0312500001361 0.0416666668482 0.0451388890855 0.0358796297859 0.0327932100194 0.0317644034305 0.0314214679009 0.0313071560577 0.03126905211 0.0312563507941 0.0312521170221 0.0312507057648 0.0312502353457 0.0312500785393 0.0312500262705 0.0312500088476 0.0312500001361 0.0312500001361 0.0312500001361 0.0312500001361 0.0312500001361 0.0312500001361 0.0312500001361
0.0322580645161 0.0322580645161 0.0322580645161 0.0322580645161 0.0322580645161 0.0322580645161 0.0322580645161 0.0322580645161 0.0322580645161 0.0322580645161 0.0322580645161 0.0322580645161 0.0322580645161 0.0322580645161 0.0322580645161 0.0322580645161 0.0322580645161 0.0322580645161 0.0322580645161 0.0322580645161 0.0322580645161 0.0322580645161 0.0322580645161 0.0322580645161 0.0322580645161 0.0322580645161 0.0322580645161 0.0322580645161 0.0322580645161 0.0322580645161 0.0322580645161
0.0256418347607 0.0256418347607 0.0256418347607 0.0427363912679 0.0484345767703 0.0332394154306 0.0281743616507 0.0350332886443 0.0373195976422 0.0295344223879 0.0269393639698 0.0260743444971 0.0257860046729 0.0342371696517 0.0370542246446 0.0550877994828 0.0610989910955 0.0460081651259 0.0409778898027 0.0307538531081 0.0273458408765 0.0262098367993 0.0258311687736 0.0257049460984 0.0256418347607 0.0256418347607 0.0256418347607 0.0256418347607 0.0256418347607 0.0256418347607 0.0256418347607
0.0322580645161 0.0322580645161 0.0322580645161 0.0322580645161 0.0322580645161 0.0322580645161 0.0322580645161 0.0322580645161 0.0322580645161 0.0322580645161 0.0322580645161 0.0322580645161 0.0322580645161 0.0322580645161 0.0322580645161 0.0322580645161 0.0322580645161 0.0322580645161 0.0322580645161 0.0322580645161 0.0322580645161 0.0322580645161 0.0322580645161 0.0322580645161 0.0322580645161 0.0322580645161 0.0322580645161 0.0322580645161 0.0322580645161 0.0322580645161 0.0322580645161
0.0585831970742 0.0306864365627 0.0213875163922 0.0517639889491 0.0618894798015 0.0317885308051 0.0217548811396 0.0351483875581 0.0396128896975 0.0466804091797 0.049036249007 0.0330834726426 0.0277658805211 0.0259933498139 0.0254025062449 0.0419436146954 0.0474573175123 0.0604539226558 0.0647861243704 0.0327540789947 0.0220767305362 0.0185176143833 0.0173312423324 0.0169357849821 0.0167380563069 0.0167380563069 0.0167380563069 0.0167380563069 0.0167380563069 0.0167380563069 0.0167380563069
0.0322580645161 0.0322580645161 0.0322580645161 0.0322580645161 0.0322580645161 0.0322580645161 0.0322580645161 0.0322580645161 0.0322580645161 0.0322580645161 0.0322580645161 0.0322580645161 0.0322580645161 0.0322580645161 0.0322580645161 0.0322580645161 0.0322580645161 0.0322580645161 0.0322580645161 0.0322580645161 0.0322580645161 0.0322580645161 0.0322580645161 0.0322580645161 0.0322580645161 0.0322580645161 0.0322580645161 0.0322580645161 0.0322580645161 0.0322580645161 0.0322580645161
0.0322580645161 0.0322580645161 0.0322580645161 0.0322580645161 0.0322580645161 0.0322580645161 0.0322580645161 0.0322580645161 0.0322580645161 0.0322580645161 0.0322580645161 0.0322580645161 0.0322580645161 0.0322580645161 0.0322580645161 0.0322580645161 0.0322580645161 0.0322580645161 0.0322580645161 0.0322580645161 0.0322580645161 0.0322580645161 0.0322580645161 0.0322580645161 0.0322580645161 0.0322580645161 0.0322580645161 0.0322580645161 0.0322580645161 0.0322580645161 0.0322580645161
0.0322580645161 0.0322580645161 0.0322580645161 0.0322580645161 0.0322580645161 0.0322580645161 0.0322580645161 0.0322580645161 0.0322580645161 0.0322580645161 0.0322580645161 0.0322580645161 0.0322580645161 0.0322580645161 0.0322580645161 0.0322580645161 0.0322580645161 0.0322580645161 0.0322580645161 0.0322580645161 0.0322580645161 0.0322580645161 0.0322580645161 0.0322580645161 0.0322580645161 0.0322580645161 0.0322580645161 0.0322580645161 0.0322580645161 0.0322580645161 0.0322580645161
0.04054784185 0.0225265788055 0.0165194911241 0.0820968649802 0.103955989599 0.0526732595774 0.0355790162369 0.0208703036012 0.0159673993893 0.0188384137464 0.0197954185321 0.0246197358885 0.0262278416739 0.0222585611746 0.0209354676749 0.0385156995527 0.0443757768453 0.0868769777928 0.101044044775 0.0426919797807 0.0232412914491 0.0167577286719 0.0145965410795 0.0138761452154 0.0135159472833 0.0135159472833 0.0135159472833 0.0135159472833 0.0135159472833 0.0135159472833 0.0135159472833
0.0322580645161 0.0322580645161 0.0322580645161 0.0322580645161 0.0322580645161 0.0322580645161 0.0322580645161 0.0322580645161 0.0322580645161 0.0322580645161 0.0322580645161 0.0322580645161 0.0322580645161 0.0322580645161 0.0322580645161 0.0322580645161 0.0322580645161 0.0322580645161 0.0322580645161 0.0322580645161 0.0322580645161 0.0322580645161 0.0322580645161 0.0322580645161 0.0322580645161 0.0322580645161 0.0322580645161 0.0322580645161 0.0322580645161 0.0322580645161 0.0322580645161
0.0322580645161 0.0322580645161 0.0322580645161 0.0322580645161 0.0322580645161 0.0322580645161 0.0322580645161 0.0322580645161 0.0322580645161 0.0322580645161 0.0322580645161 0.0322580645161 0.0322580645161 0.0322580645161 0.0322580645161 0.0322580645161 0.0322580645161 0.0322580645161 0.0322580645161 0.0322580645161 0.0322580645161 0.0322580645161 0.0322580645161 0.0322580645161 0.0322580645161 0.0322580645161 0.0322580645161 0.0322580645161 0.0322580645161 0.0322580645161 0.0322580645161
0.0322580645161 0.0322580645161 0.0322580645161 0.0322580645161 0.0322580645161 0.0322580645161 0.0322580645161 0.0322580645161 0.0322580645161 0.0322580645161 0.0322580645161 0.0322580645161 0.0322580645161 0.0322580645161 0.0322580645161 0.0322580645161 0.0322580645161 0.0322580645161 0.0322580645161 0.0322580645161 0.0322580645161 0.0322580645161 0.0322580645161 0.0322580645161 0.0322580645161 0.0322580645161 0.0322580645161 0.0322580645161 0.0322580645161 0.0322580645161 0.0322580645161
0.0322580645161 0.0322580645161 0.0322580645161 0.0322580645161 0.0322580645161 0.0322580645161 0.0322580645161 0.0322580645161 0.0322580645161 0.0322580645161 0.0322580645161 0.0322580645161 0.0322580645161 0.0322580645161 0.0322580645161 0.0322580645161 0.0322580645161 0.0322580645161 0.0322580645161 0.0322580645161 0.0322580645161 0.0322580645161 0.0322580645161 0.0322580645161 0.0322580645161 0.0322580645161 0.0322580645161 0.0322580645161 0.0322580645161 0.0322580645161 0.0322580645161
0.030303030559 0.030303030559 0.030303030559 0.030303030559 0.030303030559 0.030303030559 0.030303030559 0.030303030559 0.030303030559 0.0505050509317 0.0572390577226 0.0392817062802 0.0332959224661 0.0313006611947 0.0306355741042 0.0304138784074 0.0303399798418 0.0303153469866 0.0303071360349 0.030304399051 0.030303486723 0.0303031826137 0.0303030812439 0.030303047454 0.030303030559 0.030303030559 0.030303030559 0.030303030559 0.030303030559 0.030303030559 0.030303030559
0.0294117650676 0.0294117650676 0.0294117650676 0.0294117650676 0.0294117650676 0.0294117650676 0.0294117650676 0.0294117650676 0.0294117650676 0.0588235301352 0.0686274518244 0.0424836606532 0.0337690635961 0.0308641979104 0.0298959093486 0.0295731464946 0.0294655588766 0.0294296963373 0.0294177421575 0.0294137574309 0.0294124291887 0.0294119864413 0.0294118388588 0.0294117896647 0.0294117650676 0.0294117650676 0.0294117650676 0.0294117650676 0.0294117650676 0.0294117650676 0.0294117650676
0.0322580645161 0.0322580645161 0.0322580645161 0.0322580645161 0.0322580645161 0.0322580645161 0.0322580645161 0.0322580645161 0.0322580645161 0.0322580645161 0.0322580645161 0.0322580645161 0.0322580645161 0.0322580645161 0.0322580645161 0.0322580645161 0.0322580645161 0.0322580645161 0.0322580645161 0.0322580645161 0.0322580645161 0.0322580645161 0.0322580645161 0.0322580645161 0.0322580645161 0.0322580645161 0.0322580645161 0.0322580645161 0.0322580645161 0.0322580645161 0.0322580645161
0.0243902479655 0.0243902479655 0.0243902479655 0.0325203306206 0.0352303581724 0.0280036180344 0.0255947046551 0.0247917335287 0.0245240764866 0.0569551880932 0.0677655586287 0.079499098129 0.0834102779625 0.0440635912978 0.0309480290763 0.0265761750024 0.0251188903111 0.0246331287474 0.0244712082261 0.024417234719 0.02439924355 0.0243932464937 0.0243912474749 0.0243905811353 0.0243902479655 0.0243902479655 0.0243902479655 0.0243902479655 0.0243902479655 0.0243902479655 0.0243902479655
0.0322580645161 0.0322580645161 0.0322580645161 0.0322580645161 0.0322580645161 0.0322580645161 0.0322580645161 0.0322580645161 0.0322580645161 0.0322580645161 0.0322580645161 0.0322580645161 0.0322580645161 0.0322580645161 0.0322580645161 0.0322580645161 0.0322580645161 0.0322580645161 0.0322580645161 0.0322580645161 0.0322580645161 0.0322580645161 0.0322580645161 0.0322580645161 0.0322580645161 0.0322580645161 0.0322580645161 0.0322580645161 0.0322580645161 0.0322580645161 0.0322580645161
0.047246067952 0.0402466504776 0.0379135113195 0.0546343419527 0.0602079521638 0.0690652397085 0.0720176688901 0.0310053071044 0.0173345198425 0.0617735130758 0.0765865108203 0.0395276718888 0.0271747255784 0.019557368071 0.0170182489019 0.0546686719546 0.0672188129721 0.0399048146766 0.0308001485781 0.0172661336671 0.0127547953634 0.0112510159288 0.0107497561173 0.0105826695135 0.0104991262116 0.0104991262116 0.0104991262116 0.0104991262116 0.0104991262116 0.0104991262116 0.0104991262116
0.0312500000017 0.0312500000017 0.0312500000017 0.0312500000017 0.0312500000017 0.0416666666689 0.0451388888913 0.0358796296316 0.0327932098783 0.0317644032939 0.0314214677658 0.031307155923 0.0312690519755 0.0312563506596 0.0312521168877 0.0312507056303 0.0312502352112 0.0312500784049 0.0312500261361 0.0312500087131 0.0312500029055 0.0312500009696 0.0312500003243 0.0312500001092 0.0312500000017 0.0312500000017 0.0312500000017 0.0312500000017 0.0312500000017 0.0312500000017 0.0312500000017
0.0322580645161 0.0322580645161 0.0322580645161 0.0322580645161 0.0322580645161 0.0322580645161 0.0322580645161 0.0322580645161 0.0322580645161 0.0322580645161 0.0322580645161 0.0322580645161 0.0322580645161 0.0322580645161 0.0322580645161 0.0322580645161 0.0322580645161 0.0322580645161 0.0322580645161 0.0322580645161 0.0322580645161 0.0322580645161 0.0322580645161 0.0322580645161 0.0322580645161 0.0322580645161 0.0322580645161 0.0322580645161 0.0322580645161 0.0322580645161 0.0322580645161
0.031250001225 0.031250001225 0.031250001225 0.031250001225 0.031250001225 0.031250001225 0.031250001225 0.031250001225 0.031250001225 0.031250001225 0.031250001225 0.0416666683001 0.0451388906584 0.0358796310362 0.0327932111621 0.0317644045374 0.0314214689958 0.0313071571486 0.0312690531996 0.0312563518832 0.0312521181111 0.0312507068537 0.0312502364346 0.0312500796282 0.031250001225 0.031250001225 0.031250001225 0.031250001225 0.031250001225 0.031250001225 0.031250001225
0.0458015267178 0.0356234096694 0.0322307039866 0.0412779191408 0.0442936575255 0.0351207866053 0.0320631629652 0.0310439550852 0.0307042191252 0.0305909738052 0.0305532253652 0.0305406425519 0.0305364482808 0.0305350501904 0.0305345841603 0.0305344288169 0.0305343770358 0.0305343597754 0.0305343540219 0.0305343521041 0.0305343514649 0.0305343512518 0.0305343511807 0.0305343511571 0.0305343511452 0.0305343511452 0.0305343511452 0.0305343511452 0.0305343511452 0.0305343511452 0.0305343511452
0.0322580645161 0.0322580645161 0.0322580645161 0.0322580645161 0.0322580645161 0.0322580645161 0.0322580645161 0.0322580645161 0.0322580645161 0.0322580645161 0.0322580645161 0.0322580645161 0.0322580645161 0.0322580645161 0.0322580645161 0.0322580645161 0.0322580645161 0.0322580645161 0.0322580645161 0.0322580645161 0.0322580645161 0.0322580645161 0.0322580645161 0.0322580645161 0.0322580645161 0.0322580645161 0.0322580645161 0.0322580645161 0.0322580645161 0.0322580645161 0.0322580645161
0.0322580645161 0.0322580645161 0.0322580645161 0.0322580645161 0.0322580645161 0.0322580645161 0.0322580645161 0.0322580645161 0.0322580645161 0.0322580645161 0.0322580645161 0.0322580645161 0.0322580645161 0.0322580645161 0.0322580645161 0.0322580645161 0.0322580645161 0.0322580645161 0.0322580645161 0.0322580645161 0.0322580645161 0.0322580645161 0.0322580645161 0.0322580645161 0.0322580645161 0.0322580645161 0.0322580645161 0.0322580645161 0.0322580645161 0.0322580645161 0.0322580645161
0.0322580645161 0.0322580645161 0.0322580645161 0.0322580645161 0.0322580645161 0.0322580645161 0.0322580645161 0.0322580645161 0.0322580645161 0.0322580645161 0.0322580645161 0.0322580645161 0.0322580645161 0.0322580645161 0.0322580645161 0.0322580645161 0.0322580645161 0.0322580645161 0.0322580645161 0.0322580645161 0.0322580645161 0.0322580645161 0.0322580645161 0.0322580645161 0.0322580645161 0.0322580645161 0.0322580645161 0.0322580645161 0.0322580645161 0.0322580645161 0.0322580645161
0.0322580645161 0.0322580645161 0.0322580645161 0.0322580645161 0.0322580645161 0.0322580645161 0.0322580645161 0.0322580645161 0.0322580645161 0.0322580645161 0.0322580645161 0.0322580645161 0.0322580645161 0.0322580645161 0.0322580645161 0.0322580645161 0.0322580645161 0.0322580645161 0.0322580645161 0.0322580645161 0.0322580645161 0.0322580645161 0.0322580645161 0.0322580645161 0.0322580645161 0.0322580645161 0.0322580645161 0.0322580645161 0.0322580645161 0.0322580645161 0.0322580645161
0.0322580645161 0.0322580645161 0.0322580645161 0.0322580645161 0.0322580645161 0.0322580645161 0.0322580645161 0.0322580645161 0.0322580645161 0.0322580645161 0.0322580645161 0.0322580645161 0.0322580645161 0.0322580645161 0.0322580645161 0.0322580645161 0.0322580645161 0.0322580645161 0.0322580645161 0.0322580645161 0.0322580645161 0.0322580645161 0.0322580645161 0.0322580645161 0.0322580645161 0.0322580645161 0.0322580645161 0.0322580645161 0.0322580645161 0.0322580645161 0.0322580645161
0.0322580645161 0.0322580645161 0.0322580645161 0.0322580645161 0.0322580645161 0.0322580645161 0.0322580645161 0.0322580645161 0.0322580645161 0.0322580645161 0.0322580645161 0.0322580645161 0.0322580645161 0.0322580645161 0.0322580645161 0.0322580645161 0.0322580645161 0.0322580645161 0.0322580645161 0.0322580645161 0.0322580645161 0.0322580645161 0.0322580645161 0.0322580645161 0.0322580645161 0.0322580645161 0.0322580645161 0.0322580645161 0.0322580645161 0.0322580645161 0.0322580645161
0.0322580645161 0.0322580645161 0.0322580645161 0.0322580645161 0.0322580645161 0.0322580645161 0.0322580645161 0.0322580645161 0.0322580645161 0.0322580645161 0.0322580645161 0.0322580645161 0.0322580645161 0.0322580645161 0.0322580645161 0.0322580645161 0.0322580645161 0.0322580645161 0.0322580645161 0.0322580645161 0.0322580645161 0.0322580645161 0.0322580645161 0.0322580645161 0.0322580645161 0.0322580645161 0.0322580645161 0.0322580645161 0.0322580645161 0.0322580645161 0.0322580645161
0.0387107954002 0.0301083964224 0.0272409300964 0.0262851079878 0.0259665006182 0.0430650961174 0.0487646279504 0.0334596739391 0.028358022602 0.0352598711341 0.0375604873115 0.0383273593706 0.0385829833903 0.0300657924191 0.027226728762 0.0434851721653 0.0489046532997 0.0421087480334 0.0398434462779 0.0304859467149 0.027366780194 0.0263270580203 0.0259804839624 0.0258649592764 0.0258071969335 0.0258071969335 0.0258071969335 0.0258071969335 0.0258071969335 0.0258071969335 0.0258071969335
0.0322580645161 0.0322580645161 0.0322580645161 0.0322580645161 0.0322580645161 0.0322580645161 0.0322580645161 0.0322580645161 0.0322580645161 0.0322580645161 0.0322580645161 0.0322580645161 0.0322580645161 0.0322580645161 0.0322580645161 0.0322580645161 0.0322580645161 0.0322580645161 0.0322580645161 0.0322580645161 0.0322580645161 0.0322580645161 0.0322580645161 0.0322580645161 0.0322580645161 0.0322580645161 0.0322580645161 0.0322580645161 0.0322580645161 0.0322580645161 0.0322580645161
0.0322580645161 0.0322580645161 0.0322580645161 0.0322580645161 0.0322580645161 0.0322580645161 0.0322580645161 0.0322580645161 0.0322580645161 0.0322580645161 0.0322580645161 0.0322580645161 0.0322580645161 0.0322580645161 0.0322580645161 0.0322580645161 0.0322580645161 0.0322580645161 0.0322580645161 0.0322580645161 0.0322580645161 0.0322580645161 0.0322580645161 0.0322580645161 0.0322580645161 0.0322580645161 0.0322580645161 0.0322580645161 0.0322580645161 0.0322580645161 0.0322580645161
0.0322580645161 0.0322580645161 0.0322580645161 0.0322580645161 0.0322580645161 0.0322580645161 0.0322580645161 0.0322580645161 0.0322580645161 0.0322580645161 0.0322580645161 0.0322580645161 0.0322580645161 0.0322580645161 0.0322580645161 0.0322580645161 0.0322580645161 0.0322580645161 0.0322580645161 0.0322580645161 0.0322580645161 0.0322580645161 0.0322580645161 0.0322580645161 0.0322580645161 0.0322580645161 0.0322580645161 0.0322580645161 0.0322580645161 0.0322580645161 0.0322580645161
0.0322580645161 0.0322580645161 0.0322580645161 0.0322580645161 0.0322580645161 0.0322580645161 0.0322580645161 0.0322580645161 0.0322580645161 0.0322580645161 0.0322580645161 0.0322580645161 0.0322580645161 0.0322580645161 0.0322580645161 0.0322580645161 0.0322580645161 0.0322580645161 0.0322580645161 0.0322580645161 0.0322580645161 0.0322580645161 0.0322580645161 0.0322580645161 0.0322580645161 0.0322580645161 0.0322580645161 0.0322580645161 0.0322580645161 0.0322580645161 0.0322580645161
