0.0322580645161 0.0322580645161 0.0322580645161 0.0322580645161 0.0322580645161 0.0322580645161 0.0322580645161 0.0322580645161 0.0322580645161 0.0322580645161 0.0322580645161 0.0322580645161 0.0322580645161 0.0322580645161 0.0322580645161 0.0322580645161 0.0322580645161 0.0322580645161 0.0322580645161 0.0322580645161 0.0322580645161 0.0322580645161 0.0322580645161 0.0322580645161 0.0322580645161 0.0322580645161 0.0322580645161 0.0322580645161 0.0322580645161 0.0322580645161 0.0322580645161
0.0322580645161 0.0322580645161 0.0322580645161 0.0322580645161 0.0322580645161 0.0322580645161 0.0322580645161 0.0322580645161 0.0322580645161 0.0322580645161 0.0322580645161 0.0322580645161 0.0322580645161 0.0322580645161 0.0322580645161 0.0322580645161 0.0322580645161 0.0322580645161 0.0322580645161 0.0322580645161 0.0322580645161 0.0322580645161 0.0322580645161 0.0322580645161 0.0322580645161 0.0322580645161 0.0322580645161 0.0322580645161 0.0322580645161 0.0322580645161 0.0322580645161
0.0322580645161 0.0322580645161 0.0322580645161 0.0322580645161 0.0322580645161 0.0322580645161 0.0322580645161 0.0322580645161 0.0322580645161 0.0322580645161 0.0322580645161 0.0322580645161 0.0322580645161 0.0322580645161 0.0322580645161 0.0322580645161 0.0322580645161 0.0322580645161 0.0322580645161 0.0322580645161 0.0322580645161 0.0322580645161 0.0322580645161 0.0322580645161 0.0322580645161 0.0322580645161 0.0322580645161 0.0322580645161 0.0322580645161 0.0322580645161 0.0322580645161
0.030303031455 0.04040404194 0.043771045435 0.0347923694483 0.0317994774528 0.0308018467876 0.0304693032325 0.0303584553808 0.0303215060969 0.030309189669 0.030305084193 0.040404726186 0.043771273517 0.0347924454756 0.0317995027952 0.0308018552351 0.0304693060483 0.0303584563194 0.0303215064098 0.0303091897733 0.0303050842277 0.0303037157126 0.0303032595408 0.0303031074836 0.030303031455 0.030303031455 0.030303031455 0.030303031455 0.030303031455 0.030303031455 0.030303031455
0.0322580645161 0.0322580645161 0.0322580645161 0.0322580645161 0.0322580645161 0.0322580645161 0.0322580645161 0.0322580645161 0.0322580645161 0.0322580645161 0.0322580645161 0.0322580645161 0.0322580645161 0.0322580645161 0.0322580645161 0.0322580645161 0.0322580645161 0.0322580645161 0.0322580645161 0.0322580645161 0.0322580645161 0.0322580645161 0.0322580645161 0.0322580645161 0.0322580645161 0.0322580645161 0.0322580645161 0.0322580645161 0.0322580645161 0.0322580645161 0.0322580645161
0.0322580645161 0.0322580645161 0.0322580645161 0.0322580645161 0.0322580645161 0.0322580645161 0.0322580645161 0.0322580645161 0.0322580645161 0.0322580645161 0.0322580645161 0.0322580645161 0.0322580645161 0.0322580645161 0.0322580645161 0.0322580645161 0.0322580645161 0.0322580645161 0.0322580645161 0.0322580645161 0.0322580645161 0.0322580645161 0.0322580645161 0.0322580645161 0.0322580645161 0.0322580645161 0.0322580645161 0.0322580645161 0.0322580645161 0.0322580645161 0.0322580645161
0.0322580645161 0.0322580645161 0.0322580645161 0.0322580645161 0.0322580645161 0.0322580645161 0.0322580645161 0.0322580645161 0.0322580645161 0.0322580645161 0.0322580645161 0.0322580645161 0.0322580645161 0.0322580645161 0.0322580645161 0.0322580645161 0.0322580645161 0.0322580645161 0.0322580645161 0.0322580645161 0.0322580645161 0.0322580645161 0.0322580645161 0.0322580645161 0.0322580645161 0.0322580645161 0.0322580645161 0.0322580645161 0.0322580645161 0.0322580645161 0.0322580645161
0.0322580645161 0.0322580645161 0.0322580645161 0.0322580645161 0.0322580645161 0.0322580645161 0.0322580645161 0.0322580645161 0.0322580645161 0.0322580645161 0.0322580645161 0.0322580645161 0.0322580645161 0.0322580645161 0.0322580645161 0.0322580645161 0.0322580645161 0.0322580645161 0.0322580645161 0.0322580645161 0.0322580645161 0.0322580645161 0.0322580645161 0.0322580645161 0.0322580645161 0.0322580645161 0.0322580645161 0.0322580645161 0.0322580645161 0.0322580645161 0.0322580645161
0.0322580645161 0.0322580645161 0.0322580645161 0.0322580645161 0.0322580645161 0.0322580645161 0.0322580645161 0.0322580645161 0.0322580645161 0.0322580645161 0.0322580645161 0.0322580645161 0.0322580645161 0.0322580645161 0.0322580645161 0.0322580645161 0.0322580645161 0.0322580645161 0.0322580645161 0.0322580645161 0.0322580645161 0.0322580645161 0.0322580645161 0.0322580645161 0.0322580645161 0.0322580645161 0.0322580645161 0.0322580645161 0.0322580645161 0.0322580645161 0.0322580645161
0.0322580645161 0.0322580645161 0.0322580645161 0.0322580645161 0.0322580645161 0.0322580645161 0.0322580645161 0.0322580645161 0.0322580645161 0.0322580645161 0.0322580645161 0.0322580645161 0.0322580645161 0.0322580645161 0.0322580645161 0.0322580645161 0.0322580645161 0.0322580645161 0.0322580645161 0.0322580645161 0.0322580645161 0.0322580645161 0.0322580645161 0.0322580645161 0.0322580645161 0.0322580645161 0.0322580645161 0.0322580645161 0.0322580645161 0.0322580645161 0.0322580645161
0.0322580645161 0.0322580645161 0.0322580645161 0.0322580645161 0.0322580645161 0.0322580645161 0.0322580645161 0.0322580645161 0.0322580645161 0.0322580645161 0.0322580645161 0.0322580645161 0.0322580645161 0.0322580645161 0.0322580645161 0.0322580645161 0.0322580645161 0.0322580645161 0.0322580645161 0.0322580645161 0.0322580645161 0.0322580645161 0.0322580645161 0.0322580645161 0.0322580645161 0.0322580645161 0.0322580645161 0.0322580645161 0.0322580645161 0.0322580645161 0.0322580645161
0.0322580645161 0.0322580645161 0.0322580645161 0.0322580645161 0.0322580645161 0.0322580645161 0.0322580645161 0.0322580645161 0.0322580645161 0.0322580645161 0.0322580645161 0.0322580645161 0.0322580645161 0.0322580645161 0.0322580645161 0.0322580645161 0.0322580645161 0.0322580645161 0.0322580645161 0.0322580645161 0.0322580645161 0.0322580645161 0.0322580645161 0.0322580645161 0.0322580645161 0.0322580645161 0.0322580645161 0.0322580645161 0.0322580645161 0.0322580645161 0.0322580645161
0.0313225058005 0.0313225058005 0.0313225058005 0.0313225058005 0.0313225058005 0.0313225058005 0.0313225058005 0.0313225058005 0.0313225058005 0.0313225058005 0.0313225058005 0.0313225058005 0.0313225058005 0.0313225058005 0.0313225058005 0.0313225058005 0.0313225058005 0.0313225058005 0.0313225058005 0.0313225058005 0.0313225058005 0.0417633410673 0.0452436194896 0.0359628770302 0.0313225058005 0.0313225058005 0.0313225058005 0.0313225058005 0.0313225058005 0.0313225058005 0.0313225058005
0.0322580645161 0.0322580645161 0.0322580645161 0.0322580645161 0.0322580645161 0.0322580645161 0.0322580645161 0.0322580645161 0.0322580645161 0.0322580645161 0.0322580645161 0.0322580645161 0.0322580645161 0.0322580645161 0.0322580645161 0.0322580645161 0.0322580645161 0.0322580645161 0.0322580645161 0.0322580645161 0.0322580645161 0.0322580645161 0.0322580645161 0.0322580645161 0.0322580645161 0.0322580645161 0.0322580645161 0.0322580645161 0.0322580645161 0.0322580645161 0.0322580645161
0.0322580645161 0.0322580645161 0.0322580645161 0.0322580645161 0.0322580645161 0.0322580645161 0.0322580645161 0.0322580645161 0.0322580645161 0.0322580645161 0.0322580645161 0.0322580645161 0.0322580645161 0.0322580645161 0.0322580645161 0.0322580645161 0.0322580645161 0.0322580645161 0.0322580645161 0.0322580645161 0.0322580645161 0.0322580645161 0.0322580645161 0.0322580645161 0.0322580645161 0.0322580645161 0.0322580645161 0.0322580645161 0.0322580645161 0.0322580645161 0.0322580645161
0.0322580645161 0.0322580645161 0.0322580645161 0.0322580645161 0.0322580645161 0.0322580645161 0.0322580645161 0.0322580645161 0.0322580645161 0.0322580645161 0.0322580645161 0.0322580645161 0.0322580645161 0.0322580645161 0.0322580645161 0.0322580645161 0.0322580645161 0.0322580645161 0.0322580645161 0.0322580645161 0.0322580645161 0.0322580645161 0.0322580645161 0.0322580645161 0.0322580645161 0.0322580645161 0.0322580645161 0.0322580645161 0.0322580645161 0.0322580645161 0.0322580645161
0.0322580645161 0.0322580645161 0.0322580645161 0.0322580645161 0.0322580645161 0.0322580645161 0.0322580645161 0.0322580645161 0.0322580645161 0.0322580645161 0.0322580645161 0.0322580645161 0.0322580645161 0.0322580645161 0.0322580645161 0.0322580645161 0.0322580645161 0.0322580645161 0.0322580645161 0.0322580645161 0.0322580645161 0.0322580645161 0.0322580645161 0.0322580645161 0.0322580645161 0.0322580645161 0.0322580645161 0.0322580645161 0.0322580645161 0.0322580645161 0.0322580645161
0.0322580645161 0.0322580645161 0.0322580645161 0.0322580645161 0.0322580645161 0.0322580645161 0.0322580645161 0.0322580645161 0.0322580645161 0.0322580645161 0.0322580645161 0.0322580645161 0.0322580645161 0.0322580645161 0.0322580645161 0.0322580645161 0.0322580645161 0.0322580645161 0.0322580645161 0.0322580645161 0.0322580645161 0.0322580645161 0.0322580645161 0.0322580645161 0.0322580645161 0.0322580645161 0.0322580645161 0.0322580645161 0.0322580645161 0.0322580645161 0.0322580645161
0.0322580645161 0.0322580645161 0.0322580645161 0.0322580645161 0.0322580645161 0.0322580645161 0.0322580645161 0.0322580645161 0.0322580645161 0.0322580645161 0.0322580645161 0.0322580645161 0.0322580645161 0.0322580645161 0.0322580645161 0.0322580645161 0.0322580645161 0.0322580645161 0.0322580645161 0.0322580645161 0.0322580645161 0.0322580645161 0.0322580645161 0.0322580645161 0.0322580645161 0.0322580645161 0.0322580645161 0.0322580645161 0.0322580645161 0.0322580645161 0.0322580645161
0.0322580645161 0.0322580645161 0.0322580645161 0.0322580645161 0.0322580645161 0.0322580645161 0.0322580645161 0.0322580645161 0.0322580645161 0.0322580645161 0.0322580645161 0.0322580645161 0.0322580645161 0.0322580645161 0.0322580645161 0.0322580645161 0.0322580645161 0.0322580645161 0.0322580645161 0.0322580645161 0.0322580645161 0.0322580645161 0.0322580645161 0.0322580645161 0.0322580645161 0.0322580645161 0.0322580645161 0.0322580645161 0.0322580645161 0.0322580645161 0.0322580645161
0.0322580645161 0.0322580645161 0.0322580645161 0.0322580645161 0.0322580645161 0.0322580645161 0.0322580645161 0.0322580645161 0.0322580645161 0.0322580645161 0.0322580645161 0.0322580645161 0.0322580645161 0.0322580645161 0.0322580645161 0.0322580645161 0.0322580645161 0.0322580645161 0.0322580645161 0.0322580645161 0.0322580645161 0.0322580645161 0.0322580645161 0.0322580645161 0.0322580645161 0.0322580645161 0.0322580645161 0.0322580645161 0.0322580645161 0.0322580645161 0.0322580645161
0.0322580645161 0.0322580645161 0.0322580645161 0.0322580645161 0.0322580645161 0.0322580645161 0.0322580645161 0.0322580645161 0.0322580645161 0.0322580645161 0.0322580645161 0.0322580645161 0.0322580645161 0.0322580645161 0.0322580645161 0.0322580645161 0.0322580645161 0.0322580645161 0.0322580645161 0.0322580645161 0.0322580645161 0.0322580645161 0.0322580645161 0.0322580645161 0.0322580645161 0.0322580645161 0.0322580645161 0.0322580645161 0.0322580645161 0.0322580645161 0.0322580645161
0.0322580645161 0.0322580645161 0.0322580645161 0.0322580645161 0.0322580645161 0.0322580645161 0.0322580645161 0.0322580645161 0.0322580645161 0.0322580645161 0.0322580645161 0.0322580645161 0.0322580645161 0.0322580645161 0.0322580645161 0.0322580645161 0.0322580645161 0.0322580645161 0.0322580645161 0.0322580645161 0.0322580645161 0.0322580645161 0.0322580645161 0.0322580645161 0.0322580645161 0.0322580645161 0.0322580645161 0.0322580645161 0.0322580645161 0.0322580645161 0.0322580645161
0.0322580645161 0.0322580645161 0.0322580645161 0.0322580645161 0.0322580645161 0.0322580645161 0.0322580645161 0.0322580645161 0.0322580645161 0.0322580645161 0.0322580645161 0.0322580645161 0.0322580645161 0.0322580645161 0.0322580645161 0.0322580645161 0.0322580645161 0.0322580645161 0.0322580645161 0.0322580645161 0.0322580645161 0.0322580645161 0.0322580645161 0.0322580645161 0.0322580645161 0.0322580645161 0.0322580645161 0.0322580645161 0.0322580645161 0.0322580645161 0.0322580645161
0.0322580645161 0.0322580645161 0.0322580645161 0.0322580645161 0.0322580645161 0.0322580645161 0.0322580645161 0.0322580645161 0.0322580645161 0.0322580645161 0.0322580645161 0.0322580645161 0.0322580645161 0.0322580645161 0.0322580645161 0.0322580645161 0.0322580645161 0.0322580645161 0.0322580645161 0.0322580645161 0.0322580645161 0.0322580645161 0.0322580645161 0.0322580645161 0.0322580645161 0.0322580645161 0.0322580645161 0.0322580645161 0.0322580645161 0.0322580645161 0.0322580645161
0.0322580645161 0.0322580645161 0.0322580645161 0.0322580645161 0.0322580645161 0.0322580645161 0.0322580645161 0.0322580645161 0.0322580645161 0.0322580645161 0.0322580645161 0.0322580645161 0.0322580645161 0.0322580645161 0.0322580645161 0.0322580645161 0.0322580645161 0.0322580645161 0.0322580645161 0.0322580645161 0.0322580645161 0.0322580645161 0.0322580645161 0.0322580645161 0.0322580645161 0.0322580645161 0.0322580645161 0.0322580645161 0.0322580645161 0.0322580645161 0.0322580645161
0.0303038700829 0.0303038700829 0.0303038700829 0.0404051601105 0.0437722567864 0.0347933323174 0.0318003574944 0.0308026992201 0.030470146462 0.0303592955426 0.0303223452361 0.0303100284673 0.0303059228777 0.0303045543478 0.0303040981712 0.0303039461123 0.030303895426 0.0404051685582 0.0437722596023 0.034793333256 0.0318003578073 0.0308026993244 0.0304701464967 0.0303592955542 0.0303038700829 0.0303038700829 0.0303038700829 0.0303038700829 0.0303038700829 0.0303038700829 0.0303038700829
0.0322580645161 0.0322580645161 0.0322580645161 0.0322580645161 0.0322580645161 0.0322580645161 0.0322580645161 0.0322580645161 0.0322580645161 0.0322580645161 0.0322580645161 0.0322580645161 0.0322580645161 0.0322580645161 0.0322580645161 0.0322580645161 0.0322580645161 0.0322580645161 0.0322580645161 0.0322580645161 0.0322580645161 0.0322580645161 0.0322580645161 0.0322580645161 0.0322580645161 0.0322580645161 0.0322580645161 0.0322580645161 0.0322580645161 0.0322580645161 0.0322580645161
0.0322580645161 0.0322580645161 0.0322580645161 0.0322580645161 0.0322580645161 0.0322580645161 0.0322580645161 0.0322580645161 0.0322580645161 0.0322580645161 0.0322580645161 0.0322580645161 0.0322580645161 0.0322580645161 0.0322580645161 0.0322580645161 0.0322580645161 0.0322580645161 0.0322580645161 0.0322580645161 0.0322580645161 0.0322580645161 0.0322580645161 0.0322580645161 0.0322580645161 0.0322580645161 0.0322580645161 0.0322580645161 0.0322580645161 0.0322580645161 0.0322580645161
0.0322580645161 0.0322580645161 0.0322580645161 0.0322580645161 0.0322580645161 0.0322580645161 0.0322580645161 0.0322580645161 0.0322580645161 0.0322580645161 0.0322580645161 0.0322580645161 0.0322580645161 0.0322580645161 0.0322580645161 0.0322580645161 0.0322580645161 0.0322580645161 0.0322580645161 0.0322580645161 0.0322580645161 0.0322580645161 0.0322580645161 0.0322580645161 0.0322580645161 0.0322580645161 0.0322580645161 0.0322580645161 0.0322580645161 0.0322580645161 0.0322580645161
0.0322580645161 0.0322580645161 0.0322580645161 0.0322580645161 0.0322580645161 0.0322580645161 0.0322580645161 0.0322580645161 0.0322580645161 0.0322580645161 0.0322580645161 0.0322580645161 0.0322580645161 0.0322580645161 0.0322580645161 0.0322580645161 0.0322580645161 0.0322580645161 0.0322580645161 0.0322580645161 0.0322580645161 0.0322580645161 0.0322580645161 0.0322580645161 0.0322580645161 0.0322580645161 0.0322580645161 0.0322580645161 0.0322580645161 0.0322580645161 0.0322580645161
0.0322580645161 0.0322580645161 0.0322580645161 0.0322580645161 0.0322580645161 0.0322580645161 0.0322580645161 0.0322580645161 0.0322580645161 0.0322580645161 0.0322580645161 0.0322580645161 0.0322580645161 0.0322580645161 0.0322580645161 0.0322580645161 0.0322580645161 0.0322580645161 0.0322580645161 0.0322580645161 0.0322580645161 0.0322580645161 0.0322580645161 0.0322580645161 0.0322580645161 0.0322580645161 0.0322580645161 0.0322580645161 0.0322580645161 0.0322580645161 0.0322580645161
0.0322580645161 0.0322580645161 0.0322580645161 0.0322580645161 0.0322580645161 0.0322580645161 0.0322580645161 0.0322580645161 0.0322580645161 0.0322580645161 0.0322580645161 0.0322580645161 0.0322580645161 0.0322580645161 0.0322580645161 0.0322580645161 0.0322580645161 0.0322580645161 0.0322580645161 0.0322580645161 0.0322580645161 0.0322580645161 0.0322580645161 0.0322580645161 0.0322580645161 0.0322580645161 0.0322580645161 0.0322580645161 0.0322580645161 0.0322580645161 0.0322580645161
0.0322580645161 0.0322580645161 0.0322580645161 0.0322580645161 0.0322580645161 0.0322580645161 0.0322580645161 0.0322580645161 0.0322580645161 0.0322580645161 0.0322580645161 0.0322580645161 0.0322580645161 0.0322580645161 0.0322580645161 0.0322580645161 0.0322580645161 0.0322580645161 0.0322580645161 0.0322580645161 0.0322580645161 0.0322580645161 0.0322580645161 0.0322580645161 0.0322580645161 0.0322580645161 0.0322580645161 0.0322580645161 0.0322580645161 0.0322580645161 0.0322580645161
0.0322580645161 0.0322580645161 0.0322580645161 0.0322580645161 0.0322580645161 0.0322580645161 0.0322580645161 0.0322580645161 0.0322580645161 0.0322580645161 0.0322580645161 0.0322580645161 0.0322580645161 0.0322580645161 0.0322580645161 0.0322580645161 0.0322580645161 0.0322580645161 0.0322580645161 0.0322580645161 0.0322580645161 0.0322580645161 0.0322580645161 0.0322580645161 0.0322580645161 0.0322580645161 0.0322580645161 0.0322580645161 0.0322580645161 0.0322580645161 0.0322580645161
0.0322580645161 0.0322580645161 0.0322580645161 0.0322580645161 0.0322580645161 0.0322580645161 0.0322580645161 0.0322580645161 0.0322580645161 0.0322580645161 0.0322580645161 0.0322580645161 0.0322580645161 0.0322580645161 0.0322580645161 0.0322580645161 0.0322580645161 0.0322580645161 0.0322580645161 0.0322580645161 0.0322580645161 0.0322580645161 0.0322580645161 0.0322580645161 0.0322580645161 0.0322580645161 0.0322580645161 0.0322580645161 0.0322580645161 0.0322580645161 0.0322580645161
0.0322580645161 0.0322580645161 0.0322580645161 0.0322580645161 0.0322580645161 0.0322580645161 0.0322580645161 0.0322580645161 0.0322580645161 0.0322580645161 0.0322580645161 0.0322580645161 0.0322580645161 0.0322580645161 0.0322580645161 0.0322580645161 0.0322580645161 0.0322580645161 0.0322580645161 0.0322580645161 0.0322580645161 0.0322580645161 0.0322580645161 0.0322580645161 0.0322580645161 0.0322580645161 0.0322580645161 0.0322580645161 0.0322580645161 0.0322580645161 0.0322580645161
0.0322580645161 0.0322580645161 0.0322580645161 0.0322580645161 0.0322580645161 0.0322580645161 0.0322580645161 0.0322580645161 0.0322580645161 0.0322580645161 0.0322580645161 0.0322580645161 0.0322580645161 0.0322580645161 0.0322580645161 0.0322580645161 0.0322580645161 0.0322580645161 0.0322580645161 0.0322580645161 0.0322580645161 0.0322580645161 0.0322580645161 0.0322580645161 0.0322580645161 0.0322580645161 0.0322580645161 0.0322580645161 0.0322580645161 0.0322580645161 0.0322580645161
0.0322580645161 0.0322580645161 0.0322580645161 0.0322580645161 0.0322580645161 0.0322580645161 0.0322580645161 0.0322580645161 0.0322580645161 0.0322580645161 0.0322580645161 0.0322580645161 0.0322580645161 0.0322580645161 0.0322580645161 0.0322580645161 0.0322580645161 0.0322580645161 0.0322580645161 0.0322580645161 0.0322580645161 0.0322580645161 0.0322580645161 0.0322580645161 0.0322580645161 0.0322580645161 0.0322580645161 0.0322580645161 0.0322580645161 0.0322580645161 0.0322580645161
