-0.814126
0.730228
0.234060
-0.843175
-0.799263
0.798508
0.707455
-0.037491
0.039830
0.500449
0.638121
-0.055835
-0.539979
0.201792
0.824909
-0.417613
0.672065
0.413671
0.733622
0.693040
-0.242787
0.559753
-0.638799
0.820390
0.158233
0.870795
0.588747
0.968672
-0.103958
0.979422
-0.042640
0.575346
0.630112
-0.154219
-0.163006
0.073267
-0.532755
0.935339
0.531299
0.046273
-0.127180
0.612006
-0.922359
1.051719
-0.430511
0.083657
0.917666
-0.044280
-0.226479
-0.274609
-0.478733
-0.555228
0.504681
0.750297
-0.598625
0.630332
-0.244171
0.744834
0.014535
-0.597002
-0.637241
-0.001241
-0.842228
0.871812
-0.240727
0.040574
0.923538
-0.493703
-0.065906
-0.457732
0.619702
-0.531254
0.665394
0.760745
0.428822
0.006341
0.058672
0.189992
0.213330
0.856250
-0.230606
0.946101
-0.041586
-0.205823
0.318994
-0.113397
0.843704
0.386236
-0.014945
0.148904
0.171231
0.005109
0.310737
-0.738929
-0.364576
-0.145245
-0.153189
-0.509299
-0.753403
-0.731210
-0.801798
-0.417022
0.301614
-0.745974
-0.167129
