0.0322580645161 0.0322580645161 0.0322580645161 0.0322580645161 0.0322580645161 0.0322580645161 0.0322580645161 0.0322580645161 0.0322580645161 0.0322580645161 0.0322580645161 0.0322580645161 0.0322580645161 0.0322580645161 0.0322580645161 0.0322580645161 0.0322580645161 0.0322580645161 0.0322580645161 0.0322580645161 0.0322580645161 0.0322580645161 0.0322580645161 0.0322580645161 0.0322580645161 0.0322580645161 0.0322580645161 0.0322580645161 0.0322580645161 0.0322580645161 0.0322580645161
0.0322580645161 0.0322580645161 0.0322580645161 0.0322580645161 0.0322580645161 0.0322580645161 0.0322580645161 0.0322580645161 0.0322580645161 0.0322580645161 0.0322580645161 0.0322580645161 0.0322580645161 0.0322580645161 0.0322580645161 0.0322580645161 0.0322580645161 0.0322580645161 0.0322580645161 0.0322580645161 0.0322580645161 0.0322580645161 0.0322580645161 0.0322580645161 0.0322580645161 0.0322580645161 0.0322580645161 0.0322580645161 0.0322580645161 0.0322580645161 0.0322580645161
0.0322580645161 0.0322580645161 0.0322580645161 0.0322580645161 0.0322580645161 0.0322580645161 0.0322580645161 0.0322580645161 0.0322580645161 0.0322580645161 0.0322580645161 0.0322580645161 0.0322580645161 0.0322580645161 0.0322580645161 0.0322580645161 0.0322580645161 0.0322580645161 0.0322580645161 0.0322580645161 0.0322580645161 0.0322580645161 0.0322580645161 0.0322580645161 0.0322580645161 0.0322580645161 0.0322580645161 0.0322580645161 0.0322580645161 0.0322580645161 0.0322580645161
0.0232708336383 0.0232708336383 0.0232708336383 0.0232708336383 0.0232708336383 0.0232708336383 0.0232708336383 0.0232708336383 0.0232708336383 0.0232708336383 0.0232708336383 0.0387847227306 0.0439560190946 0.0379228400032 0.0359117803061 0.0507553161659 0.0557031614525 0.0573524432147 0.0579022038021 0.0580854573313 0.058146541841 0.0348960697059 0.0271459123275 0.0245625265347 0.0232708336383 0.0232708336383 0.0232708336383 0.0232708336383 0.0232708336383 0.0232708336383 0.0232708336383
0.0322580645161 0.0322580645161 0.0322580645161 0.0322580645161 0.0322580645161 0.0322580645161 0.0322580645161 0.0322580645161 0.0322580645161 0.0322580645161 0.0322580645161 0.0322580645161 0.0322580645161 0.0322580645161 0.0322580645161 0.0322580645161 0.0322580645161 0.0322580645161 0.0322580645161 0.0322580645161 0.0322580645161 0.0322580645161 0.0322580645161 0.0322580645161 0.0322580645161 0.0322580645161 0.0322580645161 0.0322580645161 0.0322580645161 0.0322580645161 0.0322580645161
0.0322580645161 0.0322580645161 0.0322580645161 0.0322580645161 0.0322580645161 0.0322580645161 0.0322580645161 0.0322580645161 0.0322580645161 0.0322580645161 0.0322580645161 0.0322580645161 0.0322580645161 0.0322580645161 0.0322580645161 0.0322580645161 0.0322580645161 0.0322580645161 0.0322580645161 0.0322580645161 0.0322580645161 0.0322580645161 0.0322580645161 0.0322580645161 0.0322580645161 0.0322580645161 0.0322580645161 0.0322580645161 0.0322580645161 0.0322580645161 0.0322580645161
0.0322580645161 0.0322580645161 0.0322580645161 0.0322580645161 0.0322580645161 0.0322580645161 0.0322580645161 0.0322580645161 0.0322580645161 0.0322580645161 0.0322580645161 0.0322580645161 0.0322580645161 0.0322580645161 0.0322580645161 0.0322580645161 0.0322580645161 0.0322580645161 0.0322580645161 0.0322580645161 0.0322580645161 0.0322580645161 0.0322580645161 0.0322580645161 0.0322580645161 0.0322580645161 0.0322580645161 0.0322580645161 0.0322580645161 0.0322580645161 0.0322580645161
0.0322580645161 0.0322580645161 0.0322580645161 0.0322580645161 0.0322580645161 0.0322580645161 0.0322580645161 0.0322580645161 0.0322580645161 0.0322580645161 0.0322580645161 0.0322580645161 0.0322580645161 0.0322580645161 0.0322580645161 0.0322580645161 0.0322580645161 0.0322580645161 0.0322580645161 0.0322580645161 0.0322580645161 0.0322580645161 0.0322580645161 0.0322580645161 0.0322580645161 0.0322580645161 0.0322580645161 0.0322580645161 0.0322580645161 0.0322580645161 0.0322580645161
0.0322580645161 0.0322580645161 0.0322580645161 0.0322580645161 0.0322580645161 0.0322580645161 0.0322580645161 0.0322580645161 0.0322580645161 0.0322580645161 0.0322580645161 0.0322580645161 0.0322580645161 0.0322580645161 0.0322580645161 0.0322580645161 0.0322580645161 0.0322580645161 0.0322580645161 0.0322580645161 0.0322580645161 0.0322580645161 0.0322580645161 0.0322580645161 0.0322580645161 0.0322580645161 0.0322580645161 0.0322580645161 0.0322580645161 0.0322580645161 0.0322580645161
0.0322580645161 0.0322580645161 0.0322580645161 0.0322580645161 0.0322580645161 0.0322580645161 0.0322580645161 0.0322580645161 0.0322580645161 0.0322580645161 0.0322580645161 0.0322580645161 0.0322580645161 0.0322580645161 0.0322580645161 0.0322580645161 0.0322580645161 0.0322580645161 0.0322580645161 0.0322580645161 0.0322580645161 0.0322580645161 0.0322580645161 0.0322580645161 0.0322580645161 0.0322580645161 0.0322580645161 0.0322580645161 0.0322580645161 0.0322580645161 0.0322580645161
0.0322580645161 0.0322580645161 0.0322580645161 0.0322580645161 0.0322580645161 0.0322580645161 0.0322580645161 0.0322580645161 0.0322580645161 0.0322580645161 0.0322580645161 0.0322580645161 0.0322580645161 0.0322580645161 0.0322580645161 0.0322580645161 0.0322580645161 0.0322580645161 0.0322580645161 0.0322580645161 0.0322580645161 0.0322580645161 0.0322580645161 0.0322580645161 0.0322580645161 0.0322580645161 0.0322580645161 0.0322580645161 0.0322580645161 0.0322580645161 0.0322580645161
0.0322580645161 0.0322580645161 0.0322580645161 0.0322580645161 0.0322580645161 0.0322580645161 0.0322580645161 0.0322580645161 0.0322580645161 0.0322580645161 0.0322580645161 0.0322580645161 0.0322580645161 0.0322580645161 0.0322580645161 0.0322580645161 0.0322580645161 0.0322580645161 0.0322580645161 0.0322580645161 0.0322580645161 0.0322580645161 0.0322580645161 0.0322580645161 0.0322580645161 0.0322580645161 0.0322580645161 0.0322580645161 0.0322580645161 0.0322580645161 0.0322580645161
0.0322580645161 0.0322580645161 0.0322580645161 0.0322580645161 0.0322580645161 0.0322580645161 0.0322580645161 0.0322580645161 0.0322580645161 0.0322580645161 0.0322580645161 0.0322580645161 0.0322580645161 0.0322580645161 0.0322580645161 0.0322580645161 0.0322580645161 0.0322580645161 0.0322580645161 0.0322580645161 0.0322580645161 0.0322580645161 0.0322580645161 0.0322580645161 0.0322580645161 0.0322580645161 0.0322580645161 0.0322580645161 0.0322580645161 0.0322580645161 0.0322580645161
0.0322580645161 0.0322580645161 0.0322580645161 0.0322580645161 0.0322580645161 0.0322580645161 0.0322580645161 0.0322580645161 0.0322580645161 0.0322580645161 0.0322580645161 0.0322580645161 0.0322580645161 0.0322580645161 0.0322580645161 0.0322580645161 0.0322580645161 0.0322580645161 0.0322580645161 0.0322580645161 0.0322580645161 0.0322580645161 0.0322580645161 0.0322580645161 0.0322580645161 0.0322580645161 0.0322580645161 0.0322580645161 0.0322580645161 0.0322580645161 0.0322580645161
0.0322580645161 0.0322580645161 0.0322580645161 0.0322580645161 0.0322580645161 0.0322580645161 0.0322580645161 0.0322580645161 0.0322580645161 0.0322580645161 0.0322580645161 0.0322580645161 0.0322580645161 0.0322580645161 0.0322580645161 0.0322580645161 0.0322580645161 0.0322580645161 0.0322580645161 0.0322580645161 0.0322580645161 0.0322580645161 0.0322580645161 0.0322580645161 0.0322580645161 0.0322580645161 0.0322580645161 0.0322580645161 0.0322580645161 0.0322580645161 0.0322580645161
0.0322580645161 0.0322580645161 0.0322580645161 0.0322580645161 0.0322580645161 0.0322580645161 0.0322580645161 0.0322580645161 0.0322580645161 0.0322580645161 0.0322580645161 0.0322580645161 0.0322580645161 0.0322580645161 0.0322580645161 0.0322580645161 0.0322580645161 0.0322580645161 0.0322580645161 0.0322580645161 0.0322580645161 0.0322580645161 0.0322580645161 0.0322580645161 0.0322580645161 0.0322580645161 0.0322580645161 0.0322580645161 0.0322580645161 0.0322580645161 0.0322580645161
0.0322580645161 0.0322580645161 0.0322580645161 0.0322580645161 0.0322580645161 0.0322580645161 0.0322580645161 0.0322580645161 0.0322580645161 0.0322580645161 0.0322580645161 0.0322580645161 0.0322580645161 0.0322580645161 0.0322580645161 0.0322580645161 0.0322580645161 0.0322580645161 0.0322580645161 0.0322580645161 0.0322580645161 0.0322580645161 0.0322580645161 0.0322580645161 0.0322580645161 0.0322580645161 0.0322580645161 0.0322580645161 0.0322580645161 0.0322580645161 0.0322580645161
0.0322580645161 0.0322580645161 0.0322580645161 0.0322580645161 0.0322580645161 0.0322580645161 0.0322580645161 0.0322580645161 0.0322580645161 0.0322580645161 0.0322580645161 0.0322580645161 0.0322580645161 0.0322580645161 0.0322580645161 0.0322580645161 0.0322580645161 0.0322580645161 0.0322580645161 0.0322580645161 0.0322580645161 0.0322580645161 0.0322580645161 0.0322580645161 0.0322580645161 0.0322580645161 0.0322580645161 0.0322580645161 0.0322580645161 0.0322580645161 0.0322580645161
0.0322580645161 0.0322580645161 0.0322580645161 0.0322580645161 0.0322580645161 0.0322580645161 0.0322580645161 0.0322580645161 0.0322580645161 0.0322580645161 0.0322580645161 0.0322580645161 0.0322580645161 0.0322580645161 0.0322580645161 0.0322580645161 0.0322580645161 0.0322580645161 0.0322580645161 0.0322580645161 0.0322580645161 0.0322580645161 0.0322580645161 0.0322580645161 0.0322580645161 0.0322580645161 0.0322580645161 0.0322580645161 0.0322580645161 0.0322580645161 0.0322580645161
0.0322580645161 0.0322580645161 0.0322580645161 0.0322580645161 0.0322580645161 0.0322580645161 0.0322580645161 0.0322580645161 0.0322580645161 0.0322580645161 0.0322580645161 0.0322580645161 0.0322580645161 0.0322580645161 0.0322580645161 0.0322580645161 0.0322580645161 0.0322580645161 0.0322580645161 0.0322580645161 0.0322580645161 0.0322580645161 0.0322580645161 0.0322580645161 0.0322580645161 0.0322580645161 0.0322580645161 0.0322580645161 0.0322580645161 0.0322580645161 0.0322580645161
0.0322580645161 0.0322580645161 0.0322580645161 0.0322580645161 0.0322580645161 0.0322580645161 0.0322580645161 0.0322580645161 0.0322580645161 0.0322580645161 0.0322580645161 0.0322580645161 0.0322580645161 0.0322580645161 0.0322580645161 0.0322580645161 0.0322580645161 0.0322580645161 0.0322580645161 0.0322580645161 0.0322580645161 0.0322580645161 0.0322580645161 0.0322580645161 0.0322580645161 0.0322580645161 0.0322580645161 0.0322580645161 0.0322580645161 0.0322580645161 0.0322580645161
0.0322580645161 0.0322580645161 0.0322580645161 0.0322580645161 0.0322580645161 0.0322580645161 0.0322580645161 0.0322580645161 0.0322580645161 0.0322580645161 0.0322580645161 0.0322580645161 0.0322580645161 0.0322580645161 0.0322580645161 0.0322580645161 0.0322580645161 0.0322580645161 0.0322580645161 0.0322580645161 0.0322580645161 0.0322580645161 0.0322580645161 0.0322580645161 0.0322580645161 0.0322580645161 0.0322580645161 0.0322580645161 0.0322580645161 0.0322580645161 0.0322580645161
0.0322580645161 0.0322580645161 0.0322580645161 0.0322580645161 0.0322580645161 0.0322580645161 0.0322580645161 0.0322580645161 0.0322580645161 0.0322580645161 0.0322580645161 0.0322580645161 0.0322580645161 0.0322580645161 0.0322580645161 0.0322580645161 0.0322580645161 0.0322580645161 0.0322580645161 0.0322580645161 0.0322580645161 0.0322580645161 0.0322580645161 0.0322580645161 0.0322580645161 0.0322580645161 0.0322580645161 0.0322580645161 0.0322580645161 0.0322580645161 0.0322580645161
0.0322580645161 0.0322580645161 0.0322580645161 0.0322580645161 0.0322580645161 0.0322580645161 0.0322580645161 0.0322580645161 0.0322580645161 0.0322580645161 0.0322580645161 0.0322580645161 0.0322580645161 0.0322580645161 0.0322580645161 0.0322580645161 0.0322580645161 0.0322580645161 0.0322580645161 0.0322580645161 0.0322580645161 0.0322580645161 0.0322580645161 0.0322580645161 0.0322580645161 0.0322580645161 0.0322580645161 0.0322580645161 0.0322580645161 0.0322580645161 0.0322580645161
0.0322580645161 0.0322580645161 0.0322580645161 0.0322580645161 0.0322580645161 0.0322580645161 0.0322580645161 0.0322580645161 0.0322580645161 0.0322580645161 0.0322580645161 0.0322580645161 0.0322580645161 0.0322580645161 0.0322580645161 0.0322580645161 0.0322580645161 0.0322580645161 0.0322580645161 0.0322580645161 0.0322580645161 0.0322580645161 0.0322580645161 0.0322580645161 0.0322580645161 0.0322580645161 0.0322580645161 0.0322580645161 0.0322580645161 0.0322580645161 0.0322580645161
0.0322580645161 0.0322580645161 0.0322580645161 0.0322580645161 0.0322580645161 0.0322580645161 0.0322580645161 0.0322580645161 0.0322580645161 0.0322580645161 0.0322580645161 0.0322580645161 0.0322580645161 0.0322580645161 0.0322580645161 0.0322580645161 0.0322580645161 0.0322580645161 0.0322580645161 0.0322580645161 0.0322580645161 0.0322580645161 0.0322580645161 0.0322580645161 0.0322580645161 0.0322580645161 0.0322580645161 0.0322580645161 0.0322580645161 0.0322580645161 0.0322580645161
0.0322580645161 0.0322580645161 0.0322580645161 0.0322580645161 0.0322580645161 0.0322580645161 0.0322580645161 0.0322580645161 0.0322580645161 0.0322580645161 0.0322580645161 0.0322580645161 0.0322580645161 0.0322580645161 0.0322580645161 0.0322580645161 0.0322580645161 0.0322580645161 0.0322580645161 0.0322580645161 0.0322580645161 0.0322580645161 0.0322580645161 0.0322580645161 0.0322580645161 0.0322580645161 0.0322580645161 0.0322580645161 0.0322580645161 0.0322580645161 0.0322580645161
0.0322580645161 0.0322580645161 0.0322580645161 0.0322580645161 0.0322580645161 0.0322580645161 0.0322580645161 0.0322580645161 0.0322580645161 0.0322580645161 0.0322580645161 0.0322580645161 0.0322580645161 0.0322580645161 0.0322580645161 0.0322580645161 0.0322580645161 0.0322580645161 0.0322580645161 0.0322580645161 0.0322580645161 0.0322580645161 0.0322580645161 0.0322580645161 0.0322580645161 0.0322580645161 0.0322580645161 0.0322580645161 0.0322580645161 0.0322580645161 0.0322580645161
0.0322580645161 0.0322580645161 0.0322580645161 0.0322580645161 0.0322580645161 0.0322580645161 0.0322580645161 0.0322580645161 0.0322580645161 0.0322580645161 0.0322580645161 0.0322580645161 0.0322580645161 0.0322580645161 0.0322580645161 0.0322580645161 0.0322580645161 0.0322580645161 0.0322580645161 0.0322580645161 0.0322580645161 0.0322580645161 0.0322580645161 0.0322580645161 0.0322580645161 0.0322580645161 0.0322580645161 0.0322580645161 0.0322580645161 0.0322580645161 0.0322580645161
0.0322580645161 0.0322580645161 0.0322580645161 0.0322580645161 0.0322580645161 0.0322580645161 0.0322580645161 0.0322580645161 0.0322580645161 0.0322580645161 0.0322580645161 0.0322580645161 0.0322580645161 0.0322580645161 0.0322580645161 0.0322580645161 0.0322580645161 0.0322580645161 0.0322580645161 0.0322580645161 0.0322580645161 0.0322580645161 0.0322580645161 0.0322580645161 0.0322580645161 0.0322580645161 0.0322580645161 0.0322580645161 0.0322580645161 0.0322580645161 0.0322580645161
0.0322580645161 0.0322580645161 0.0322580645161 0.0322580645161 0.0322580645161 0.0322580645161 0.0322580645161 0.0322580645161 0.0322580645161 0.0322580645161 0.0322580645161 0.0322580645161 0.0322580645161 0.0322580645161 0.0322580645161 0.0322580645161 0.0322580645161 0.0322580645161 0.0322580645161 0.0322580645161 0.0322580645161 0.0322580645161 0.0322580645161 0.0322580645161 0.0322580645161 0.0322580645161 0.0322580645161 0.0322580645161 0.0322580645161 0.0322580645161 0.0322580645161
0.0322580645161 0.0322580645161 0.0322580645161 0.0322580645161 0.0322580645161 0.0322580645161 0.0322580645161 0.0322580645161 0.0322580645161 0.0322580645161 0.0322580645161 0.0322580645161 0.0322580645161 0.0322580645161 0.0322580645161 0.0322580645161 0.0322580645161 0.0322580645161 0.0322580645161 0.0322580645161 0.0322580645161 0.0322580645161 0.0322580645161 0.0322580645161 0.0322580645161 0.0322580645161 0.0322580645161 0.0322580645161 0.0322580645161 0.0322580645161 0.0322580645161
0.0322580645161 0.0322580645161 0.0322580645161 0.0322580645161 0.0322580645161 0.0322580645161 0.0322580645161 0.0322580645161 0.0322580645161 0.0322580645161 0.0322580645161 0.0322580645161 0.0322580645161 0.0322580645161 0.0322580645161 0.0322580645161 0.0322580645161 0.0322580645161 0.0322580645161 0.0322580645161 0.0322580645161 0.0322580645161 0.0322580645161 0.0322580645161 0.0322580645161 0.0322580645161 0.0322580645161 0.0322580645161 0.0322580645161 0.0322580645161 0.0322580645161
0.0322580645161 0.0322580645161 0.0322580645161 0.0322580645161 0.0322580645161 0.0322580645161 0.0322580645161 0.0322580645161 0.0322580645161 0.0322580645161 0.0322580645161 0.0322580645161 0.0322580645161 0.0322580645161 0.0322580645161 0.0322580645161 0.0322580645161 0.0322580645161 0.0322580645161 0.0322580645161 0.0322580645161 0.0322580645161 0.0322580645161 0.0322580645161 0.0322580645161 0.0322580645161 0.0322580645161 0.0322580645161 0.0322580645161 0.0322580645161 0.0322580645161
0.0322580645161 0.0322580645161 0.0322580645161 0.0322580645161 0.0322580645161 0.0322580645161 0.0322580645161 0.0322580645161 0.0322580645161 0.0322580645161 0.0322580645161 0.0322580645161 0.0322580645161 0.0322580645161 0.0322580645161 0.0322580645161 0.0322580645161 0.0322580645161 0.0322580645161 0.0322580645161 0.0322580645161 0.0322580645161 0.0322580645161 0.0322580645161 0.0322580645161 0.0322580645161 0.0322580645161 0.0322580645161 0.0322580645161 0.0322580645161 0.0322580645161
0.0322580645161 0.0322580645161 0.0322580645161 0.0322580645161 0.0322580645161 0.0322580645161 0.0322580645161 0.0322580645161 0.0322580645161 0.0322580645161 0.0322580645161 0.0322580645161 0.0322580645161 0.0322580645161 0.0322580645161 0.0322580645161 0.0322580645161 0.0322580645161 0.0322580645161 0.0322580645161 0.0322580645161 0.0322580645161 0.0322580645161 0.0322580645161 0.0322580645161 0.0322580645161 0.0322580645161 0.0322580645161 0.0322580645161 0.0322580645161 0.0322580645161
0.0322580645161 0.0322580645161 0.0322580645161 0.0322580645161 0.0322580645161 0.0322580645161 0.0322580645161 0.0322580645161 0.0322580645161 0.0322580645161 0.0322580645161 0.0322580645161 0.0322580645161 0.0322580645161 0.0322580645161 0.0322580645161 0.0322580645161 0.0322580645161 0.0322580645161 0.0322580645161 0.0322580645161 0.0322580645161 0.0322580645161 0.0322580645161 0.0322580645161 0.0322580645161 0.0322580645161 0.0322580645161 0.0322580645161 0.0322580645161 0.0322580645161
0.0322580645161 0.0322580645161 0.0322580645161 0.0322580645161 0.0322580645161 0.0322580645161 0.0322580645161 0.0322580645161 0.0322580645161 0.0322580645161 0.0322580645161 0.0322580645161 0.0322580645161 0.0322580645161 0.0322580645161 0.0322580645161 0.0322580645161 0.0322580645161 0.0322580645161 0.0322580645161 0.0322580645161 0.0322580645161 0.0322580645161 0.0322580645161 0.0322580645161 0.0322580645161 0.0322580645161 0.0322580645161 0.0322580645161 0.0322580645161 0.0322580645161
0.0322580645161 0.0322580645161 0.0322580645161 0.0322580645161 0.0322580645161 0.0322580645161 0.0322580645161 0.0322580645161 0.0322580645161 0.0322580645161 0.0322580645161 0.0322580645161 0.0322580645161 0.0322580645161 0.0322580645161 0.0322580645161 0.0322580645161 0.0322580645161 0.0322580645161 0.0322580645161 0.0322580645161 0.0322580645161 0.0322580645161 0.0322580645161 0.0322580645161 0.0322580645161 0.0322580645161 0.0322580645161 0.0322580645161 0.0322580645161 0.0322580645161
