0.0263222667024 0.0263222667024 0.0263222667024 0.0263222667024 0.0263222667024 0.0263222667024 0.0263222667024 0.0263222667024 0.0263222667024 0.0350963556032 0.0380210519035 0.0477700395711 0.0510197021269 0.0345547451773 0.029066426194 0.0447851643346 0.0500247437148 0.042997181274 0.0406546604604 0.0398738201892 0.0396135400989 0.0307526911679 0.0277990748576 0.0268145360875 0.0263222667024 0.0263222667024 0.0263222667024 0.0263222667024 0.0263222667024 0.0263222667024 0.0263222667024
0.0322580645161 0.0322580645161 0.0322580645161 0.0322580645161 0.0322580645161 0.0322580645161 0.0322580645161 0.0322580645161 0.0322580645161 0.0322580645161 0.0322580645161 0.0322580645161 0.0322580645161 0.0322580645161 0.0322580645161 0.0322580645161 0.0322580645161 0.0322580645161 0.0322580645161 0.0322580645161 0.0322580645161 0.0322580645161 0.0322580645161 0.0322580645161 0.0322580645161 0.0322580645161 0.0322580645161 0.0322580645161 0.0322580645161 0.0322580645161 0.0322580645161
0.0277842103716 0.0277842103716 0.0277842103716 0.0277842103716 0.0277842103716 0.0277842103716 0.0277842103716 0.0277842103716 0.0277842103716 0.0370456138288 0.0401327483145 0.0504231966003 0.0538533460289 0.0364739222574 0.0306807810002 0.0380111373717 0.0404545894955 0.0320076700796 0.0291920302742 0.0375148871297 0.0402891727482 0.0319525311638 0.0291736506357 0.0282473571263 0.0277842103716 0.0277842103716 0.0277842103716 0.0277842103716 0.0277842103716 0.0277842103716 0.0277842103716
0.0322580645161 0.0322580645161 0.0322580645161 0.0322580645161 0.0322580645161 0.0322580645161 0.0322580645161 0.0322580645161 0.0322580645161 0.0322580645161 0.0322580645161 0.0322580645161 0.0322580645161 0.0322580645161 0.0322580645161 0.0322580645161 0.0322580645161 0.0322580645161 0.0322580645161 0.0322580645161 0.0322580645161 0.0322580645161 0.0322580645161 0.0322580645161 0.0322580645161 0.0322580645161 0.0322580645161 0.0322580645161 0.0322580645161 0.0322580645161 0.0322580645161
0.0303039633945 0.0303039633945 0.0303039633945 0.0303039633945 0.0303039633945 0.0303039633945 0.0303039633945 0.0303039633945 0.0303039633945 0.0303039633945 0.0303039633945 0.0303039633945 0.0303039633945 0.0303039633945 0.0303039633945 0.0404052845259 0.0437723915698 0.0448947605844 0.0452688835892 0.035292270126 0.031966732305 0.030858219698 0.0304887154956 0.0303655474282 0.0303039633945 0.0303039633945 0.0303039633945 0.0303039633945 0.0303039633945 0.0303039633945 0.0303039633945
0.0322580645161 0.0322580645161 0.0322580645161 0.0322580645161 0.0322580645161 0.0322580645161 0.0322580645161 0.0322580645161 0.0322580645161 0.0322580645161 0.0322580645161 0.0322580645161 0.0322580645161 0.0322580645161 0.0322580645161 0.0322580645161 0.0322580645161 0.0322580645161 0.0322580645161 0.0322580645161 0.0322580645161 0.0322580645161 0.0322580645161 0.0322580645161 0.0322580645161 0.0322580645161 0.0322580645161 0.0322580645161 0.0322580645161 0.0322580645161 0.0322580645161
0.0270298477743 0.0270298477743 0.0270298477743 0.0270298477743 0.0270298477743 0.0270298477743 0.0270298477743 0.0270298477743 0.0270298477743 0.0270298477743 0.0270298477743 0.0270298477743 0.0270298477743 0.0270298477743 0.0270298477743 0.0450497462905 0.0510563791292 0.0710784885917 0.0777525250791 0.0439374068759 0.0326657008082 0.0289084654522 0.0276560536669 0.0272385830718 0.0270298477743 0.0270298477743 0.0270298477743 0.0270298477743 0.0270298477743 0.0270298477743 0.0270298477743
0.0322580645161 0.0322580645161 0.0322580645161 0.0322580645161 0.0322580645161 0.0322580645161 0.0322580645161 0.0322580645161 0.0322580645161 0.0322580645161 0.0322580645161 0.0322580645161 0.0322580645161 0.0322580645161 0.0322580645161 0.0322580645161 0.0322580645161 0.0322580645161 0.0322580645161 0.0322580645161 0.0322580645161 0.0322580645161 0.0322580645161 0.0322580645161 0.0322580645161 0.0322580645161 0.0322580645161 0.0322580645161 0.0322580645161 0.0322580645161 0.0322580645161
0.0322580645161 0.0322580645161 0.0322580645161 0.0322580645161 0.0322580645161 0.0322580645161 0.0322580645161 0.0322580645161 0.0322580645161 0.0322580645161 0.0322580645161 0.0322580645161 0.0322580645161 0.0322580645161 0.0322580645161 0.0322580645161 0.0322580645161 0.0322580645161 0.0322580645161 0.0322580645161 0.0322580645161 0.0322580645161 0.0322580645161 0.0322580645161 0.0322580645161 0.0322580645161 0.0322580645161 0.0322580645161 0.0322580645161 0.0322580645161 0.0322580645161
0.0322580645161 0.0322580645161 0.0322580645161 0.0322580645161 0.0322580645161 0.0322580645161 0.0322580645161 0.0322580645161 0.0322580645161 0.0322580645161 0.0322580645161 0.0322580645161 0.0322580645161 0.0322580645161 0.0322580645161 0.0322580645161 0.0322580645161 0.0322580645161 0.0322580645161 0.0322580645161 0.0322580645161 0.0322580645161 0.0322580645161 0.0322580645161 0.0322580645161 0.0322580645161 0.0322580645161 0.0322580645161 0.0322580645161 0.0322580645161 0.0322580645161
0.0312500992293 0.0312500992293 0.0312500992293 0.0312500992293 0.0312500992293 0.0312500992293 0.0312500992293 0.0312500992293 0.0312500992293 0.0312500992293 0.0312500992293 0.0312500992293 0.0312500992293 0.0312500992293 0.0312500992293 0.0416667989725 0.0451390322202 0.0358797435596 0.0327933140061 0.0317645041549 0.0314215675379 0.0313072553322 0.0312691512636 0.0312564499074 0.0312500992293 0.0312500992293 0.0312500992293 0.0312500992293 0.0312500992293 0.0312500992293 0.0312500992293
0.0322580645161 0.0322580645161 0.0322580645161 0.0322580645161 0.0322580645161 0.0322580645161 0.0322580645161 0.0322580645161 0.0322580645161 0.0322580645161 0.0322580645161 0.0322580645161 0.0322580645161 0.0322580645161 0.0322580645161 0.0322580645161 0.0322580645161 0.0322580645161 0.0322580645161 0.0322580645161 0.0322580645161 0.0322580645161 0.0322580645161 0.0322580645161 0.0322580645161 0.0322580645161 0.0322580645161 0.0322580645161 0.0322580645161 0.0322580645161 0.0322580645161
0.0322580645161 0.0322580645161 0.0322580645161 0.0322580645161 0.0322580645161 0.0322580645161 0.0322580645161 0.0322580645161 0.0322580645161 0.0322580645161 0.0322580645161 0.0322580645161 0.0322580645161 0.0322580645161 0.0322580645161 0.0322580645161 0.0322580645161 0.0322580645161 0.0322580645161 0.0322580645161 0.0322580645161 0.0322580645161 0.0322580645161 0.0322580645161 0.0322580645161 0.0322580645161 0.0322580645161 0.0322580645161 0.0322580645161 0.0322580645161 0.0322580645161
0.0322580645161 0.0322580645161 0.0322580645161 0.0322580645161 0.0322580645161 0.0322580645161 0.0322580645161 0.0322580645161 0.0322580645161 0.0322580645161 0.0322580645161 0.0322580645161 0.0322580645161 0.0322580645161 0.0322580645161 0.0322580645161 0.0322580645161 0.0322580645161 0.0322580645161 0.0322580645161 0.0322580645161 0.0322580645161 0.0322580645161 0.0322580645161 0.0322580645161 0.0322580645161 0.0322580645161 0.0322580645161 0.0322580645161 0.0322580645161 0.0322580645161
0.0322580645161 0.0322580645161 0.0322580645161 0.0322580645161 0.0322580645161 0.0322580645161 0.0322580645161 0.0322580645161 0.0322580645161 0.0322580645161 0.0322580645161 0.0322580645161 0.0322580645161 0.0322580645161 0.0322580645161 0.0322580645161 0.0322580645161 0.0322580645161 0.0322580645161 0.0322580645161 0.0322580645161 0.0322580645161 0.0322580645161 0.0322580645161 0.0322580645161 0.0322580645161 0.0322580645161 0.0322580645161 0.0322580645161 0.0322580645161 0.0322580645161
0.0322580645161 0.0322580645161 0.0322580645161 0.0322580645161 0.0322580645161 0.0322580645161 0.0322580645161 0.0322580645161 0.0322580645161 0.0322580645161 0.0322580645161 0.0322580645161 0.0322580645161 0.0322580645161 0.0322580645161 0.0322580645161 0.0322580645161 0.0322580645161 0.0322580645161 0.0322580645161 0.0322580645161 0.0322580645161 0.0322580645161 0.0322580645161 0.0322580645161 0.0322580645161 0.0322580645161 0.0322580645161 0.0322580645161 0.0322580645161 0.0322580645161
0.0322580645161 0.0322580645161 0.0322580645161 0.0322580645161 0.0322580645161 0.0322580645161 0.0322580645161 0.0322580645161 0.0322580645161 0.0322580645161 0.0322580645161 0.0322580645161 0.0322580645161 0.0322580645161 0.0322580645161 0.0322580645161 0.0322580645161 0.0322580645161 0.0322580645161 0.0322580645161 0.0322580645161 0.0322580645161 0.0322580645161 0.0322580645161 0.0322580645161 0.0322580645161 0.0322580645161 0.0322580645161 0.0322580645161 0.0322580645161 0.0322580645161
0.0322580645161 0.0322580645161 0.0322580645161 0.0322580645161 0.0322580645161 0.0322580645161 0.0322580645161 0.0322580645161 0.0322580645161 0.0322580645161 0.0322580645161 0.0322580645161 0.0322580645161 0.0322580645161 0.0322580645161 0.0322580645161 0.0322580645161 0.0322580645161 0.0322580645161 0.0322580645161 0.0322580645161 0.0322580645161 0.0322580645161 0.0322580645161 0.0322580645161 0.0322580645161 0.0322580645161 0.0322580645161 0.0322580645161 0.0322580645161 0.0322580645161
0.0322580645161 0.0322580645161 0.0322580645161 0.0322580645161 0.0322580645161 0.0322580645161 0.0322580645161 0.0322580645161 0.0322580645161 0.0322580645161 0.0322580645161 0.0322580645161 0.0322580645161 0.0322580645161 0.0322580645161 0.0322580645161 0.0322580645161 0.0322580645161 0.0322580645161 0.0322580645161 0.0322580645161 0.0322580645161 0.0322580645161 0.0322580645161 0.0322580645161 0.0322580645161 0.0322580645161 0.0322580645161 0.0322580645161 0.0322580645161 0.0322580645161
0.0322580645161 0.0322580645161 0.0322580645161 0.0322580645161 0.0322580645161 0.0322580645161 0.0322580645161 0.0322580645161 0.0322580645161 0.0322580645161 0.0322580645161 0.0322580645161 0.0322580645161 0.0322580645161 0.0322580645161 0.0322580645161 0.0322580645161 0.0322580645161 0.0322580645161 0.0322580645161 0.0322580645161 0.0322580645161 0.0322580645161 0.0322580645161 0.0322580645161 0.0322580645161 0.0322580645161 0.0322580645161 0.0322580645161 0.0322580645161 0.0322580645161
0.0322580645161 0.0322580645161 0.0322580645161 0.0322580645161 0.0322580645161 0.0322580645161 0.0322580645161 0.0322580645161 0.0322580645161 0.0322580645161 0.0322580645161 0.0322580645161 0.0322580645161 0.0322580645161 0.0322580645161 0.0322580645161 0.0322580645161 0.0322580645161 0.0322580645161 0.0322580645161 0.0322580645161 0.0322580645161 0.0322580645161 0.0322580645161 0.0322580645161 0.0322580645161 0.0322580645161 0.0322580645161 0.0322580645161 0.0322580645161 0.0322580645161
0.0322580645161 0.0322580645161 0.0322580645161 0.0322580645161 0.0322580645161 0.0322580645161 0.0322580645161 0.0322580645161 0.0322580645161 0.0322580645161 0.0322580645161 0.0322580645161 0.0322580645161 0.0322580645161 0.0322580645161 0.0322580645161 0.0322580645161 0.0322580645161 0.0322580645161 0.0322580645161 0.0322580645161 0.0322580645161 0.0322580645161 0.0322580645161 0.0322580645161 0.0322580645161 0.0322580645161 0.0322580645161 0.0322580645161 0.0322580645161 0.0322580645161
0.0322580645161 0.0322580645161 0.0322580645161 0.0322580645161 0.0322580645161 0.0322580645161 0.0322580645161 0.0322580645161 0.0322580645161 0.0322580645161 0.0322580645161 0.0322580645161 0.0322580645161 0.0322580645161 0.0322580645161 0.0322580645161 0.0322580645161 0.0322580645161 0.0322580645161 0.0322580645161 0.0322580645161 0.0322580645161 0.0322580645161 0.0322580645161 0.0322580645161 0.0322580645161 0.0322580645161 0.0322580645161 0.0322580645161 0.0322580645161 0.0322580645161
0.0322580645161 0.0322580645161 0.0322580645161 0.0322580645161 0.0322580645161 0.0322580645161 0.0322580645161 0.0322580645161 0.0322580645161 0.0322580645161 0.0322580645161 0.0322580645161 0.0322580645161 0.0322580645161 0.0322580645161 0.0322580645161 0.0322580645161 0.0322580645161 0.0322580645161 0.0322580645161 0.0322580645161 0.0322580645161 0.0322580645161 0.0322580645161 0.0322580645161 0.0322580645161 0.0322580645161 0.0322580645161 0.0322580645161 0.0322580645161 0.0322580645161
0.0322580645161 0.0322580645161 0.0322580645161 0.0322580645161 0.0322580645161 0.0322580645161 0.0322580645161 0.0322580645161 0.0322580645161 0.0322580645161 0.0322580645161 0.0322580645161 0.0322580645161 0.0322580645161 0.0322580645161 0.0322580645161 0.0322580645161 0.0322580645161 0.0322580645161 0.0322580645161 0.0322580645161 0.0322580645161 0.0322580645161 0.0322580645161 0.0322580645161 0.0322580645161 0.0322580645161 0.0322580645161 0.0322580645161 0.0322580645161 0.0322580645161
0.0322580645161 0.0322580645161 0.0322580645161 0.0322580645161 0.0322580645161 0.0322580645161 0.0322580645161 0.0322580645161 0.0322580645161 0.0322580645161 0.0322580645161 0.0322580645161 0.0322580645161 0.0322580645161 0.0322580645161 0.0322580645161 0.0322580645161 0.0322580645161 0.0322580645161 0.0322580645161 0.0322580645161 0.0322580645161 0.0322580645161 0.0322580645161 0.0322580645161 0.0322580645161 0.0322580645161 0.0322580645161 0.0322580645161 0.0322580645161 0.0322580645161
0.0322580645161 0.0322580645161 0.0322580645161 0.0322580645161 0.0322580645161 0.0322580645161 0.0322580645161 0.0322580645161 0.0322580645161 0.0322580645161 0.0322580645161 0.0322580645161 0.0322580645161 0.0322580645161 0.0322580645161 0.0322580645161 0.0322580645161 0.0322580645161 0.0322580645161 0.0322580645161 0.0322580645161 0.0322580645161 0.0322580645161 0.0322580645161 0.0322580645161 0.0322580645161 0.0322580645161 0.0322580645161 0.0322580645161 0.0322580645161 0.0322580645161
0.0312508930868 0.0312508930868 0.0312508930868 0.0312508930868 0.0312508930868 0.0312508930868 0.0312508930868 0.0312508930868 0.0312508930868 0.0312508930868 0.0312508930868 0.0312508930868 0.0312508930868 0.0312508930868 0.0312508930868 0.0312508930868 0.0312508930868 0.0416678574491 0.0451401789031 0.0358806550256 0.0327941470664 0.03176531108 0.0314223657512 0.0313080506416 0.0312508930868 0.0312508930868 0.0312508930868 0.0312508930868 0.0312508930868 0.0312508930868 0.0312508930868
0.0322580645161 0.0322580645161 0.0322580645161 0.0322580645161 0.0322580645161 0.0322580645161 0.0322580645161 0.0322580645161 0.0322580645161 0.0322580645161 0.0322580645161 0.0322580645161 0.0322580645161 0.0322580645161 0.0322580645161 0.0322580645161 0.0322580645161 0.0322580645161 0.0322580645161 0.0322580645161 0.0322580645161 0.0322580645161 0.0322580645161 0.0322580645161 0.0322580645161 0.0322580645161 0.0322580645161 0.0322580645161 0.0322580645161 0.0322580645161 0.0322580645161
0.0322580645161 0.0322580645161 0.0322580645161 0.0322580645161 0.0322580645161 0.0322580645161 0.0322580645161 0.0322580645161 0.0322580645161 0.0322580645161 0.0322580645161 0.0322580645161 0.0322580645161 0.0322580645161 0.0322580645161 0.0322580645161 0.0322580645161 0.0322580645161 0.0322580645161 0.0322580645161 0.0322580645161 0.0322580645161 0.0322580645161 0.0322580645161 0.0322580645161 0.0322580645161 0.0322580645161 0.0322580645161 0.0322580645161 0.0322580645161 0.0322580645161
0.0322580645161 0.0322580645161 0.0322580645161 0.0322580645161 0.0322580645161 0.0322580645161 0.0322580645161 0.0322580645161 0.0322580645161 0.0322580645161 0.0322580645161 0.0322580645161 0.0322580645161 0.0322580645161 0.0322580645161 0.0322580645161 0.0322580645161 0.0322580645161 0.0322580645161 0.0322580645161 0.0322580645161 0.0322580645161 0.0322580645161 0.0322580645161 0.0322580645161 0.0322580645161 0.0322580645161 0.0322580645161 0.0322580645161 0.0322580645161 0.0322580645161
0.0322580645161 0.0322580645161 0.0322580645161 0.0322580645161 0.0322580645161 0.0322580645161 0.0322580645161 0.0322580645161 0.0322580645161 0.0322580645161 0.0322580645161 0.0322580645161 0.0322580645161 0.0322580645161 0.0322580645161 0.0322580645161 0.0322580645161 0.0322580645161 0.0322580645161 0.0322580645161 0.0322580645161 0.0322580645161 0.0322580645161 0.0322580645161 0.0322580645161 0.0322580645161 0.0322580645161 0.0322580645161 0.0322580645161 0.0322580645161 0.0322580645161
0.0322580645161 0.0322580645161 0.0322580645161 0.0322580645161 0.0322580645161 0.0322580645161 0.0322580645161 0.0322580645161 0.0322580645161 0.0322580645161 0.0322580645161 0.0322580645161 0.0322580645161 0.0322580645161 0.0322580645161 0.0322580645161 0.0322580645161 0.0322580645161 0.0322580645161 0.0322580645161 0.0322580645161 0.0322580645161 0.0322580645161 0.0322580645161 0.0322580645161 0.0322580645161 0.0322580645161 0.0322580645161 0.0322580645161 0.0322580645161 0.0322580645161
0.0322580645161 0.0322580645161 0.0322580645161 0.0322580645161 0.0322580645161 0.0322580645161 0.0322580645161 0.0322580645161 0.0322580645161 0.0322580645161 0.0322580645161 0.0322580645161 0.0322580645161 0.0322580645161 0.0322580645161 0.0322580645161 0.0322580645161 0.0322580645161 0.0322580645161 0.0322580645161 0.0322580645161 0.0322580645161 0.0322580645161 0.0322580645161 0.0322580645161 0.0322580645161 0.0322580645161 0.0322580645161 0.0322580645161 0.0322580645161 0.0322580645161
0.0322580645161 0.0322580645161 0.0322580645161 0.0322580645161 0.0322580645161 0.0322580645161 0.0322580645161 0.0322580645161 0.0322580645161 0.0322580645161 0.0322580645161 0.0322580645161 0.0322580645161 0.0322580645161 0.0322580645161 0.0322580645161 0.0322580645161 0.0322580645161 0.0322580645161 0.0322580645161 0.0322580645161 0.0322580645161 0.0322580645161 0.0322580645161 0.0322580645161 0.0322580645161 0.0322580645161 0.0322580645161 0.0322580645161 0.0322580645161 0.0322580645161
0.0322580645161 0.0322580645161 0.0322580645161 0.0322580645161 0.0322580645161 0.0322580645161 0.0322580645161 0.0322580645161 0.0322580645161 0.0322580645161 0.0322580645161 0.0322580645161 0.0322580645161 0.0322580645161 0.0322580645161 0.0322580645161 0.0322580645161 0.0322580645161 0.0322580645161 0.0322580645161 0.0322580645161 0.0322580645161 0.0322580645161 0.0322580645161 0.0322580645161 0.0322580645161 0.0322580645161 0.0322580645161 0.0322580645161 0.0322580645161 0.0322580645161
0.0322580645161 0.0322580645161 0.0322580645161 0.0322580645161 0.0322580645161 0.0322580645161 0.0322580645161 0.0322580645161 0.0322580645161 0.0322580645161 0.0322580645161 0.0322580645161 0.0322580645161 0.0322580645161 0.0322580645161 0.0322580645161 0.0322580645161 0.0322580645161 0.0322580645161 0.0322580645161 0.0322580645161 0.0322580645161 0.0322580645161 0.0322580645161 0.0322580645161 0.0322580645161 0.0322580645161 0.0322580645161 0.0322580645161 0.0322580645161 0.0322580645161
0.0322580645161 0.0322580645161 0.0322580645161 0.0322580645161 0.0322580645161 0.0322580645161 0.0322580645161 0.0322580645161 0.0322580645161 0.0322580645161 0.0322580645161 0.0322580645161 0.0322580645161 0.0322580645161 0.0322580645161 0.0322580645161 0.0322580645161 0.0322580645161 0.0322580645161 0.0322580645161 0.0322580645161 0.0322580645161 0.0322580645161 0.0322580645161 0.0322580645161 0.0322580645161 0.0322580645161 0.0322580645161 0.0322580645161 0.0322580645161 0.0322580645161
0.0322580645161 0.0322580645161 0.0322580645161 0.0322580645161 0.0322580645161 0.0322580645161 0.0322580645161 0.0322580645161 0.0322580645161 0.0322580645161 0.0322580645161 0.0322580645161 0.0322580645161 0.0322580645161 0.0322580645161 0.0322580645161 0.0322580645161 0.0322580645161 0.0322580645161 0.0322580645161 0.0322580645161 0.0322580645161 0.0322580645161 0.0322580645161 0.0322580645161 0.0322580645161 0.0322580645161 0.0322580645161 0.0322580645161 0.0322580645161 0.0322580645161
