0.0322580645161 0.0322580645161 0.0322580645161 0.0322580645161 0.0322580645161 0.0322580645161 0.0322580645161 0.0322580645161 0.0322580645161 0.0322580645161 0.0322580645161 0.0322580645161 0.0322580645161 0.0322580645161 0.0322580645161 0.0322580645161 0.0322580645161 0.0322580645161 0.0322580645161 0.0322580645161 0.0322580645161 0.0322580645161 0.0322580645161 0.0322580645161 0.0322580645161 0.0322580645161 0.0322580645161 0.0322580645161 0.0322580645161 0.0322580645161 0.0322580645161
0.0322580645161 0.0322580645161 0.0322580645161 0.0322580645161 0.0322580645161 0.0322580645161 0.0322580645161 0.0322580645161 0.0322580645161 0.0322580645161 0.0322580645161 0.0322580645161 0.0322580645161 0.0322580645161 0.0322580645161 0.0322580645161 0.0322580645161 0.0322580645161 0.0322580645161 0.0322580645161 0.0322580645161 0.0322580645161 0.0322580645161 0.0322580645161 0.0322580645161 0.0322580645161 0.0322580645161 0.0322580645161 0.0322580645161 0.0322580645161 0.0322580645161
0.0322580645161 0.0322580645161 0.0322580645161 0.0322580645161 0.0322580645161 0.0322580645161 0.0322580645161 0.0322580645161 0.0322580645161 0.0322580645161 0.0322580645161 0.0322580645161 0.0322580645161 0.0322580645161 0.0322580645161 0.0322580645161 0.0322580645161 0.0322580645161 0.0322580645161 0.0322580645161 0.0322580645161 0.0322580645161 0.0322580645161 0.0322580645161 0.0322580645161 0.0322580645161 0.0322580645161 0.0322580645161 0.0322580645161 0.0322580645161 0.0322580645161
0.0122053517632 0.0122053517632 0.0122053517632 0.0122053517632 0.0122053517632 0.0122053517632 0.0122053517632 0.0122053517632 0.0122053517632 0.0122053517632 0.0122053517632 0.0284791541142 0.0339037548978 0.0316435045713 0.0308900877958 0.0957341582745 0.117348848434 0.124553745154 0.126955377394 0.0748660638332 0.057502959313 0.0273045542798 0.0172384192688 0.0138830409317 0.0122053517632 0.0122053517632 0.0122053517632 0.0122053517632 0.0122053517632 0.0122053517632 0.0122053517632
0.081081353231 0.0450451962394 0.0330331439089 0.0290291264654 0.0276944539842 0.0272495631572 0.0271012662148 0.0270518339007 0.0270353564627 0.0270298639833 0.0270280331569 0.0270274228814 0.0270272194562 0.0450452301436 0.0510512337061 0.0440441956457 0.0417085162922 0.0319209172598 0.0286583842491 0.0275708732455 0.0272083695776 0.0270875350216 0.0270472568363 0.0270338307745 0.0270271177437 0.0270271177437 0.0270271177437 0.0270271177437 0.0270271177437 0.0270271177437 0.0270271177437
0.0322580645161 0.0322580645161 0.0322580645161 0.0322580645161 0.0322580645161 0.0322580645161 0.0322580645161 0.0322580645161 0.0322580645161 0.0322580645161 0.0322580645161 0.0322580645161 0.0322580645161 0.0322580645161 0.0322580645161 0.0322580645161 0.0322580645161 0.0322580645161 0.0322580645161 0.0322580645161 0.0322580645161 0.0322580645161 0.0322580645161 0.0322580645161 0.0322580645161 0.0322580645161 0.0322580645161 0.0322580645161 0.0322580645161 0.0322580645161 0.0322580645161
0.0303038804507 0.0303038804507 0.0303038804507 0.0303038804507 0.0303038804507 0.0303038804507 0.0303038804507 0.0303038804507 0.0303038804507 0.0303038804507 0.0303038804507 0.0303038804507 0.0303038804507 0.0404051739342 0.0437722717621 0.0347933442211 0.0318003683742 0.040904003242 0.043938548198 0.0348487696998 0.0318188435337 0.030808868145 0.0304722096821 0.0303599901945 0.0303038804507 0.0303038804507 0.0303038804507 0.0303038804507 0.0303038804507 0.0303038804507 0.0303038804507
0.0545680925734 0.0303156069852 0.0222314451225 0.0195367245016 0.0186384842946 0.0183390708923 0.0182392664248 0.018205998269 0.0181949088838 0.018191212422 0.0181899802681 0.0181895695501 0.0181894326441 0.048504993994 0.0586101811106 0.0801679410073 0.0873538609729 0.077622924834 0.0743792794543 0.0490455787396 0.0406010118347 0.0256599134057 0.0206795472626 0.019019425215 0.0181893641911 0.0181893641911 0.0181893641911 0.0181893641911 0.0181893641911 0.0181893641911 0.0181893641911
0.0312500992293 0.0312500992293 0.0312500992293 0.0312500992293 0.0312500992293 0.0312500992293 0.0312500992293 0.0312500992293 0.0312500992293 0.0312500992293 0.0312500992293 0.0312500992293 0.0312500992293 0.0312500992293 0.0312500992293 0.0416667989725 0.0451390322202 0.0358797435596 0.0327933140061 0.0317645041549 0.0314215675379 0.0313072553322 0.0312691512636 0.0312564499074 0.0312500992293 0.0312500992293 0.0312500992293 0.0312500992293 0.0312500992293 0.0312500992293 0.0312500992293
0.0322580645161 0.0322580645161 0.0322580645161 0.0322580645161 0.0322580645161 0.0322580645161 0.0322580645161 0.0322580645161 0.0322580645161 0.0322580645161 0.0322580645161 0.0322580645161 0.0322580645161 0.0322580645161 0.0322580645161 0.0322580645161 0.0322580645161 0.0322580645161 0.0322580645161 0.0322580645161 0.0322580645161 0.0322580645161 0.0322580645161 0.0322580645161 0.0322580645161 0.0322580645161 0.0322580645161 0.0322580645161 0.0322580645161 0.0322580645161 0.0322580645161
0.0322580645161 0.0322580645161 0.0322580645161 0.0322580645161 0.0322580645161 0.0322580645161 0.0322580645161 0.0322580645161 0.0322580645161 0.0322580645161 0.0322580645161 0.0322580645161 0.0322580645161 0.0322580645161 0.0322580645161 0.0322580645161 0.0322580645161 0.0322580645161 0.0322580645161 0.0322580645161 0.0322580645161 0.0322580645161 0.0322580645161 0.0322580645161 0.0322580645161 0.0322580645161 0.0322580645161 0.0322580645161 0.0322580645161 0.0322580645161 0.0322580645161
0.0322580645161 0.0322580645161 0.0322580645161 0.0322580645161 0.0322580645161 0.0322580645161 0.0322580645161 0.0322580645161 0.0322580645161 0.0322580645161 0.0322580645161 0.0322580645161 0.0322580645161 0.0322580645161 0.0322580645161 0.0322580645161 0.0322580645161 0.0322580645161 0.0322580645161 0.0322580645161 0.0322580645161 0.0322580645161 0.0322580645161 0.0322580645161 0.0322580645161 0.0322580645161 0.0322580645161 0.0322580645161 0.0322580645161 0.0322580645161 0.0322580645161
0.0322580645161 0.0322580645161 0.0322580645161 0.0322580645161 0.0322580645161 0.0322580645161 0.0322580645161 0.0322580645161 0.0322580645161 0.0322580645161 0.0322580645161 0.0322580645161 0.0322580645161 0.0322580645161 0.0322580645161 0.0322580645161 0.0322580645161 0.0322580645161 0.0322580645161 0.0322580645161 0.0322580645161 0.0322580645161 0.0322580645161 0.0322580645161 0.0322580645161 0.0322580645161 0.0322580645161 0.0322580645161 0.0322580645161 0.0322580645161 0.0322580645161
0.0322580645161 0.0322580645161 0.0322580645161 0.0322580645161 0.0322580645161 0.0322580645161 0.0322580645161 0.0322580645161 0.0322580645161 0.0322580645161 0.0322580645161 0.0322580645161 0.0322580645161 0.0322580645161 0.0322580645161 0.0322580645161 0.0322580645161 0.0322580645161 0.0322580645161 0.0322580645161 0.0322580645161 0.0322580645161 0.0322580645161 0.0322580645161 0.0322580645161 0.0322580645161 0.0322580645161 0.0322580645161 0.0322580645161 0.0322580645161 0.0322580645161
0.0322580645161 0.0322580645161 0.0322580645161 0.0322580645161 0.0322580645161 0.0322580645161 0.0322580645161 0.0322580645161 0.0322580645161 0.0322580645161 0.0322580645161 0.0322580645161 0.0322580645161 0.0322580645161 0.0322580645161 0.0322580645161 0.0322580645161 0.0322580645161 0.0322580645161 0.0322580645161 0.0322580645161 0.0322580645161 0.0322580645161 0.0322580645161 0.0322580645161 0.0322580645161 0.0322580645161 0.0322580645161 0.0322580645161 0.0322580645161 0.0322580645161
0.0322580645161 0.0322580645161 0.0322580645161 0.0322580645161 0.0322580645161 0.0322580645161 0.0322580645161 0.0322580645161 0.0322580645161 0.0322580645161 0.0322580645161 0.0322580645161 0.0322580645161 0.0322580645161 0.0322580645161 0.0322580645161 0.0322580645161 0.0322580645161 0.0322580645161 0.0322580645161 0.0322580645161 0.0322580645161 0.0322580645161 0.0322580645161 0.0322580645161 0.0322580645161 0.0322580645161 0.0322580645161 0.0322580645161 0.0322580645161 0.0322580645161
0.0322580645161 0.0322580645161 0.0322580645161 0.0322580645161 0.0322580645161 0.0322580645161 0.0322580645161 0.0322580645161 0.0322580645161 0.0322580645161 0.0322580645161 0.0322580645161 0.0322580645161 0.0322580645161 0.0322580645161 0.0322580645161 0.0322580645161 0.0322580645161 0.0322580645161 0.0322580645161 0.0322580645161 0.0322580645161 0.0322580645161 0.0322580645161 0.0322580645161 0.0322580645161 0.0322580645161 0.0322580645161 0.0322580645161 0.0322580645161 0.0322580645161
0.0322580645161 0.0322580645161 0.0322580645161 0.0322580645161 0.0322580645161 0.0322580645161 0.0322580645161 0.0322580645161 0.0322580645161 0.0322580645161 0.0322580645161 0.0322580645161 0.0322580645161 0.0322580645161 0.0322580645161 0.0322580645161 0.0322580645161 0.0322580645161 0.0322580645161 0.0322580645161 0.0322580645161 0.0322580645161 0.0322580645161 0.0322580645161 0.0322580645161 0.0322580645161 0.0322580645161 0.0322580645161 0.0322580645161 0.0322580645161 0.0322580645161
0.0322580645161 0.0322580645161 0.0322580645161 0.0322580645161 0.0322580645161 0.0322580645161 0.0322580645161 0.0322580645161 0.0322580645161 0.0322580645161 0.0322580645161 0.0322580645161 0.0322580645161 0.0322580645161 0.0322580645161 0.0322580645161 0.0322580645161 0.0322580645161 0.0322580645161 0.0322580645161 0.0322580645161 0.0322580645161 0.0322580645161 0.0322580645161 0.0322580645161 0.0322580645161 0.0322580645161 0.0322580645161 0.0322580645161 0.0322580645161 0.0322580645161
0.0322580645161 0.0322580645161 0.0322580645161 0.0322580645161 0.0322580645161 0.0322580645161 0.0322580645161 0.0322580645161 0.0322580645161 0.0322580645161 0.0322580645161 0.0322580645161 0.0322580645161 0.0322580645161 0.0322580645161 0.0322580645161 0.0322580645161 0.0322580645161 0.0322580645161 0.0322580645161 0.0322580645161 0.0322580645161 0.0322580645161 0.0322580645161 0.0322580645161 0.0322580645161 0.0322580645161 0.0322580645161 0.0322580645161 0.0322580645161 0.0322580645161
0.0322580645161 0.0322580645161 0.0322580645161 0.0322580645161 0.0322580645161 0.0322580645161 0.0322580645161 0.0322580645161 0.0322580645161 0.0322580645161 0.0322580645161 0.0322580645161 0.0322580645161 0.0322580645161 0.0322580645161 0.0322580645161 0.0322580645161 0.0322580645161 0.0322580645161 0.0322580645161 0.0322580645161 0.0322580645161 0.0322580645161 0.0322580645161 0.0322580645161 0.0322580645161 0.0322580645161 0.0322580645161 0.0322580645161 0.0322580645161 0.0322580645161
0.0322580645161 0.0322580645161 0.0322580645161 0.0322580645161 0.0322580645161 0.0322580645161 0.0322580645161 0.0322580645161 0.0322580645161 0.0322580645161 0.0322580645161 0.0322580645161 0.0322580645161 0.0322580645161 0.0322580645161 0.0322580645161 0.0322580645161 0.0322580645161 0.0322580645161 0.0322580645161 0.0322580645161 0.0322580645161 0.0322580645161 0.0322580645161 0.0322580645161 0.0322580645161 0.0322580645161 0.0322580645161 0.0322580645161 0.0322580645161 0.0322580645161
0.0322580645161 0.0322580645161 0.0322580645161 0.0322580645161 0.0322580645161 0.0322580645161 0.0322580645161 0.0322580645161 0.0322580645161 0.0322580645161 0.0322580645161 0.0322580645161 0.0322580645161 0.0322580645161 0.0322580645161 0.0322580645161 0.0322580645161 0.0322580645161 0.0322580645161 0.0322580645161 0.0322580645161 0.0322580645161 0.0322580645161 0.0322580645161 0.0322580645161 0.0322580645161 0.0322580645161 0.0322580645161 0.0322580645161 0.0322580645161 0.0322580645161
0.0322580645161 0.0322580645161 0.0322580645161 0.0322580645161 0.0322580645161 0.0322580645161 0.0322580645161 0.0322580645161 0.0322580645161 0.0322580645161 0.0322580645161 0.0322580645161 0.0322580645161 0.0322580645161 0.0322580645161 0.0322580645161 0.0322580645161 0.0322580645161 0.0322580645161 0.0322580645161 0.0322580645161 0.0322580645161 0.0322580645161 0.0322580645161 0.0322580645161 0.0322580645161 0.0322580645161 0.0322580645161 0.0322580645161 0.0322580645161 0.0322580645161
0.0322580645161 0.0322580645161 0.0322580645161 0.0322580645161 0.0322580645161 0.0322580645161 0.0322580645161 0.0322580645161 0.0322580645161 0.0322580645161 0.0322580645161 0.0322580645161 0.0322580645161 0.0322580645161 0.0322580645161 0.0322580645161 0.0322580645161 0.0322580645161 0.0322580645161 0.0322580645161 0.0322580645161 0.0322580645161 0.0322580645161 0.0322580645161 0.0322580645161 0.0322580645161 0.0322580645161 0.0322580645161 0.0322580645161 0.0322580645161 0.0322580645161
0.0322580645161 0.0322580645161 0.0322580645161 0.0322580645161 0.0322580645161 0.0322580645161 0.0322580645161 0.0322580645161 0.0322580645161 0.0322580645161 0.0322580645161 0.0322580645161 0.0322580645161 0.0322580645161 0.0322580645161 0.0322580645161 0.0322580645161 0.0322580645161 0.0322580645161 0.0322580645161 0.0322580645161 0.0322580645161 0.0322580645161 0.0322580645161 0.0322580645161 0.0322580645161 0.0322580645161 0.0322580645161 0.0322580645161 0.0322580645161 0.0322580645161
0.030304709909 0.030304709909 0.030304709909 0.030304709909 0.030304709909 0.030304709909 0.030304709909 0.030304709909 0.030304709909 0.030304709909 0.030304709909 0.030304709909 0.030304709909 0.030304709909 0.030304709909 0.030304709909 0.030304709909 0.0505078498483 0.057242229828 0.0392838832153 0.0332977676777 0.0313023958319 0.0306372718833 0.0304155639004 0.030304709909 0.030304709909 0.030304709909 0.030304709909 0.030304709909 0.030304709909 0.030304709909
0.0322580645161 0.0322580645161 0.0322580645161 0.0322580645161 0.0322580645161 0.0322580645161 0.0322580645161 0.0322580645161 0.0322580645161 0.0322580645161 0.0322580645161 0.0322580645161 0.0322580645161 0.0322580645161 0.0322580645161 0.0322580645161 0.0322580645161 0.0322580645161 0.0322580645161 0.0322580645161 0.0322580645161 0.0322580645161 0.0322580645161 0.0322580645161 0.0322580645161 0.0322580645161 0.0322580645161 0.0322580645161 0.0322580645161 0.0322580645161 0.0322580645161
0.0322580645161 0.0322580645161 0.0322580645161 0.0322580645161 0.0322580645161 0.0322580645161 0.0322580645161 0.0322580645161 0.0322580645161 0.0322580645161 0.0322580645161 0.0322580645161 0.0322580645161 0.0322580645161 0.0322580645161 0.0322580645161 0.0322580645161 0.0322580645161 0.0322580645161 0.0322580645161 0.0322580645161 0.0322580645161 0.0322580645161 0.0322580645161 0.0322580645161 0.0322580645161 0.0322580645161 0.0322580645161 0.0322580645161 0.0322580645161 0.0322580645161
0.0322580645161 0.0322580645161 0.0322580645161 0.0322580645161 0.0322580645161 0.0322580645161 0.0322580645161 0.0322580645161 0.0322580645161 0.0322580645161 0.0322580645161 0.0322580645161 0.0322580645161 0.0322580645161 0.0322580645161 0.0322580645161 0.0322580645161 0.0322580645161 0.0322580645161 0.0322580645161 0.0322580645161 0.0322580645161 0.0322580645161 0.0322580645161 0.0322580645161 0.0322580645161 0.0322580645161 0.0322580645161 0.0322580645161 0.0322580645161 0.0322580645161
0.0322580645161 0.0322580645161 0.0322580645161 0.0322580645161 0.0322580645161 0.0322580645161 0.0322580645161 0.0322580645161 0.0322580645161 0.0322580645161 0.0322580645161 0.0322580645161 0.0322580645161 0.0322580645161 0.0322580645161 0.0322580645161 0.0322580645161 0.0322580645161 0.0322580645161 0.0322580645161 0.0322580645161 0.0322580645161 0.0322580645161 0.0322580645161 0.0322580645161 0.0322580645161 0.0322580645161 0.0322580645161 0.0322580645161 0.0322580645161 0.0322580645161
0.0322580645161 0.0322580645161 0.0322580645161 0.0322580645161 0.0322580645161 0.0322580645161 0.0322580645161 0.0322580645161 0.0322580645161 0.0322580645161 0.0322580645161 0.0322580645161 0.0322580645161 0.0322580645161 0.0322580645161 0.0322580645161 0.0322580645161 0.0322580645161 0.0322580645161 0.0322580645161 0.0322580645161 0.0322580645161 0.0322580645161 0.0322580645161 0.0322580645161 0.0322580645161 0.0322580645161 0.0322580645161 0.0322580645161 0.0322580645161 0.0322580645161
0.0322580645161 0.0322580645161 0.0322580645161 0.0322580645161 0.0322580645161 0.0322580645161 0.0322580645161 0.0322580645161 0.0322580645161 0.0322580645161 0.0322580645161 0.0322580645161 0.0322580645161 0.0322580645161 0.0322580645161 0.0322580645161 0.0322580645161 0.0322580645161 0.0322580645161 0.0322580645161 0.0322580645161 0.0322580645161 0.0322580645161 0.0322580645161 0.0322580645161 0.0322580645161 0.0322580645161 0.0322580645161 0.0322580645161 0.0322580645161 0.0322580645161
0.0322580645161 0.0322580645161 0.0322580645161 0.0322580645161 0.0322580645161 0.0322580645161 0.0322580645161 0.0322580645161 0.0322580645161 0.0322580645161 0.0322580645161 0.0322580645161 0.0322580645161 0.0322580645161 0.0322580645161 0.0322580645161 0.0322580645161 0.0322580645161 0.0322580645161 0.0322580645161 0.0322580645161 0.0322580645161 0.0322580645161 0.0322580645161 0.0322580645161 0.0322580645161 0.0322580645161 0.0322580645161 0.0322580645161 0.0322580645161 0.0322580645161
0.0322580645161 0.0322580645161 0.0322580645161 0.0322580645161 0.0322580645161 0.0322580645161 0.0322580645161 0.0322580645161 0.0322580645161 0.0322580645161 0.0322580645161 0.0322580645161 0.0322580645161 0.0322580645161 0.0322580645161 0.0322580645161 0.0322580645161 0.0322580645161 0.0322580645161 0.0322580645161 0.0322580645161 0.0322580645161 0.0322580645161 0.0322580645161 0.0322580645161 0.0322580645161 0.0322580645161 0.0322580645161 0.0322580645161 0.0322580645161 0.0322580645161
0.0322580645161 0.0322580645161 0.0322580645161 0.0322580645161 0.0322580645161 0.0322580645161 0.0322580645161 0.0322580645161 0.0322580645161 0.0322580645161 0.0322580645161 0.0322580645161 0.0322580645161 0.0322580645161 0.0322580645161 0.0322580645161 0.0322580645161 0.0322580645161 0.0322580645161 0.0322580645161 0.0322580645161 0.0322580645161 0.0322580645161 0.0322580645161 0.0322580645161 0.0322580645161 0.0322580645161 0.0322580645161 0.0322580645161 0.0322580645161 0.0322580645161
0.0322580645161 0.0322580645161 0.0322580645161 0.0322580645161 0.0322580645161 0.0322580645161 0.0322580645161 0.0322580645161 0.0322580645161 0.0322580645161 0.0322580645161 0.0322580645161 0.0322580645161 0.0322580645161 0.0322580645161 0.0322580645161 0.0322580645161 0.0322580645161 0.0322580645161 0.0322580645161 0.0322580645161 0.0322580645161 0.0322580645161 0.0322580645161 0.0322580645161 0.0322580645161 0.0322580645161 0.0322580645161 0.0322580645161 0.0322580645161 0.0322580645161
0.0322580645161 0.0322580645161 0.0322580645161 0.0322580645161 0.0322580645161 0.0322580645161 0.0322580645161 0.0322580645161 0.0322580645161 0.0322580645161 0.0322580645161 0.0322580645161 0.0322580645161 0.0322580645161 0.0322580645161 0.0322580645161 0.0322580645161 0.0322580645161 0.0322580645161 0.0322580645161 0.0322580645161 0.0322580645161 0.0322580645161 0.0322580645161 0.0322580645161 0.0322580645161 0.0322580645161 0.0322580645161 0.0322580645161 0.0322580645161 0.0322580645161
0.0322580645161 0.0322580645161 0.0322580645161 0.0322580645161 0.0322580645161 0.0322580645161 0.0322580645161 0.0322580645161 0.0322580645161 0.0322580645161 0.0322580645161 0.0322580645161 0.0322580645161 0.0322580645161 0.0322580645161 0.0322580645161 0.0322580645161 0.0322580645161 0.0322580645161 0.0322580645161 0.0322580645161 0.0322580645161 0.0322580645161 0.0322580645161 0.0322580645161 0.0322580645161 0.0322580645161 0.0322580645161 0.0322580645161 0.0322580645161 0.0322580645161
