0.0322580645161 0.0322580645161 0.0322580645161 0.0322580645161 0.0322580645161 0.0322580645161 0.0322580645161 0.0322580645161 0.0322580645161 0.0322580645161 0.0322580645161 0.0322580645161 0.0322580645161 0.0322580645161 0.0322580645161 0.0322580645161 0.0322580645161 0.0322580645161 0.0322580645161 0.0322580645161 0.0322580645161 0.0322580645161 0.0322580645161 0.0322580645161 0.0322580645161 0.0322580645161 0.0322580645161 0.0322580645161 0.0322580645161 0.0322580645161 0.0322580645161
0.0322580645161 0.0322580645161 0.0322580645161 0.0322580645161 0.0322580645161 0.0322580645161 0.0322580645161 0.0322580645161 0.0322580645161 0.0322580645161 0.0322580645161 0.0322580645161 0.0322580645161 0.0322580645161 0.0322580645161 0.0322580645161 0.0322580645161 0.0322580645161 0.0322580645161 0.0322580645161 0.0322580645161 0.0322580645161 0.0322580645161 0.0322580645161 0.0322580645161 0.0322580645161 0.0322580645161 0.0322580645161 0.0322580645161 0.0322580645161 0.0322580645161
0.0397785700692 0.0309388878316 0.0279923270858 0.0270101401705 0.026682744532 0.0265736126526 0.0265372353594 0.026525109595 0.0265210676736 0.0265197203664 0.026519271264 0.0265191215632 0.026519071663 0.0265190550295 0.0265190494851 0.0353587298745 0.0383052900043 0.0304477944767 0.0278286293008 0.0711539854302 0.0855957708067 0.0462112880774 0.0330831271677 0.0287070735311 0.0265190467128 0.0265190467128 0.0265190467128 0.0265190467128 0.0265190467128 0.0265190467128 0.0265190467128
0.0303038804507 0.0303038804507 0.0303038804507 0.0303038804507 0.0303038804507 0.0303038804507 0.0303038804507 0.0303038804507 0.0303038804507 0.0303038804507 0.0303038804507 0.0303038804507 0.0303038804507 0.0404051739342 0.0437722717621 0.0347933442211 0.0318003683742 0.040904003242 0.043938548198 0.0348487696998 0.0318188435337 0.030808868145 0.0304722096821 0.0303599901945 0.0303038804507 0.0303038804507 0.0303038804507 0.0303038804507 0.0303038804507 0.0303038804507 0.0303038804507
0.0322580645161 0.0322580645161 0.0322580645161 0.0322580645161 0.0322580645161 0.0322580645161 0.0322580645161 0.0322580645161 0.0322580645161 0.0322580645161 0.0322580645161 0.0322580645161 0.0322580645161 0.0322580645161 0.0322580645161 0.0322580645161 0.0322580645161 0.0322580645161 0.0322580645161 0.0322580645161 0.0322580645161 0.0322580645161 0.0322580645161 0.0322580645161 0.0322580645161 0.0322580645161 0.0322580645161 0.0322580645161 0.0322580645161 0.0322580645161 0.0322580645161
0.0322580645161 0.0322580645161 0.0322580645161 0.0322580645161 0.0322580645161 0.0322580645161 0.0322580645161 0.0322580645161 0.0322580645161 0.0322580645161 0.0322580645161 0.0322580645161 0.0322580645161 0.0322580645161 0.0322580645161 0.0322580645161 0.0322580645161 0.0322580645161 0.0322580645161 0.0322580645161 0.0322580645161 0.0322580645161 0.0322580645161 0.0322580645161 0.0322580645161 0.0322580645161 0.0322580645161 0.0322580645161 0.0322580645161 0.0322580645161 0.0322580645161
0.0322580645161 0.0322580645161 0.0322580645161 0.0322580645161 0.0322580645161 0.0322580645161 0.0322580645161 0.0322580645161 0.0322580645161 0.0322580645161 0.0322580645161 0.0322580645161 0.0322580645161 0.0322580645161 0.0322580645161 0.0322580645161 0.0322580645161 0.0322580645161 0.0322580645161 0.0322580645161 0.0322580645161 0.0322580645161 0.0322580645161 0.0322580645161 0.0322580645161 0.0322580645161 0.0322580645161 0.0322580645161 0.0322580645161 0.0322580645161 0.0322580645161
0.0322580645161 0.0322580645161 0.0322580645161 0.0322580645161 0.0322580645161 0.0322580645161 0.0322580645161 0.0322580645161 0.0322580645161 0.0322580645161 0.0322580645161 0.0322580645161 0.0322580645161 0.0322580645161 0.0322580645161 0.0322580645161 0.0322580645161 0.0322580645161 0.0322580645161 0.0322580645161 0.0322580645161 0.0322580645161 0.0322580645161 0.0322580645161 0.0322580645161 0.0322580645161 0.0322580645161 0.0322580645161 0.0322580645161 0.0322580645161 0.0322580645161
0.0270464212391 0.0270464212391 0.0270464212391 0.0270464212391 0.0270464212391 0.0270464212391 0.0270464212391 0.0270464212391 0.0270464212391 0.0270464212391 0.0270464212391 0.0270464212391 0.0270464212391 0.0360618949854 0.0390670529009 0.0310532984597 0.0283820469793 0.0455225773119 0.0512360874227 0.0621560645394 0.0657960569116 0.0399629664632 0.0313519363138 0.0284815929306 0.0270464212391 0.0270464212391 0.0270464212391 0.0270464212391 0.0270464212391 0.0270464212391 0.0270464212391
0.0322580645161 0.0322580645161 0.0322580645161 0.0322580645161 0.0322580645161 0.0322580645161 0.0322580645161 0.0322580645161 0.0322580645161 0.0322580645161 0.0322580645161 0.0322580645161 0.0322580645161 0.0322580645161 0.0322580645161 0.0322580645161 0.0322580645161 0.0322580645161 0.0322580645161 0.0322580645161 0.0322580645161 0.0322580645161 0.0322580645161 0.0322580645161 0.0322580645161 0.0322580645161 0.0322580645161 0.0322580645161 0.0322580645161 0.0322580645161 0.0322580645161
0.0322580645161 0.0322580645161 0.0322580645161 0.0322580645161 0.0322580645161 0.0322580645161 0.0322580645161 0.0322580645161 0.0322580645161 0.0322580645161 0.0322580645161 0.0322580645161 0.0322580645161 0.0322580645161 0.0322580645161 0.0322580645161 0.0322580645161 0.0322580645161 0.0322580645161 0.0322580645161 0.0322580645161 0.0322580645161 0.0322580645161 0.0322580645161 0.0322580645161 0.0322580645161 0.0322580645161 0.0322580645161 0.0322580645161 0.0322580645161 0.0322580645161
0.0322580645161 0.0322580645161 0.0322580645161 0.0322580645161 0.0322580645161 0.0322580645161 0.0322580645161 0.0322580645161 0.0322580645161 0.0322580645161 0.0322580645161 0.0322580645161 0.0322580645161 0.0322580645161 0.0322580645161 0.0322580645161 0.0322580645161 0.0322580645161 0.0322580645161 0.0322580645161 0.0322580645161 0.0322580645161 0.0322580645161 0.0322580645161 0.0322580645161 0.0322580645161 0.0322580645161 0.0322580645161 0.0322580645161 0.0322580645161 0.0322580645161
0.0672883301366 0.0448588867577 0.0373824056314 0.0236755235666 0.0191065628783 0.0175835759822 0.0170759136835 0.0169066929173 0.0168502859952 0.0280462053772 0.0317781785046 0.0218074478576 0.0184838709753 0.0510201770828 0.061865612452 0.0486586750409 0.0442563625705 0.0540036467698 0.0572527415029 0.0639431339254 0.0661732647328 0.0332724766004 0.0223055472229 0.0186499040971 0.0168220825341 0.0168220825341 0.0168220825341 0.0168220825341 0.0168220825341 0.0168220825341 0.0168220825341
0.0322580645161 0.0322580645161 0.0322580645161 0.0322580645161 0.0322580645161 0.0322580645161 0.0322580645161 0.0322580645161 0.0322580645161 0.0322580645161 0.0322580645161 0.0322580645161 0.0322580645161 0.0322580645161 0.0322580645161 0.0322580645161 0.0322580645161 0.0322580645161 0.0322580645161 0.0322580645161 0.0322580645161 0.0322580645161 0.0322580645161 0.0322580645161 0.0322580645161 0.0322580645161 0.0322580645161 0.0322580645161 0.0322580645161 0.0322580645161 0.0322580645161
0.0322580645161 0.0322580645161 0.0322580645161 0.0322580645161 0.0322580645161 0.0322580645161 0.0322580645161 0.0322580645161 0.0322580645161 0.0322580645161 0.0322580645161 0.0322580645161 0.0322580645161 0.0322580645161 0.0322580645161 0.0322580645161 0.0322580645161 0.0322580645161 0.0322580645161 0.0322580645161 0.0322580645161 0.0322580645161 0.0322580645161 0.0322580645161 0.0322580645161 0.0322580645161 0.0322580645161 0.0322580645161 0.0322580645161 0.0322580645161 0.0322580645161
0.0322580645161 0.0322580645161 0.0322580645161 0.0322580645161 0.0322580645161 0.0322580645161 0.0322580645161 0.0322580645161 0.0322580645161 0.0322580645161 0.0322580645161 0.0322580645161 0.0322580645161 0.0322580645161 0.0322580645161 0.0322580645161 0.0322580645161 0.0322580645161 0.0322580645161 0.0322580645161 0.0322580645161 0.0322580645161 0.0322580645161 0.0322580645161 0.0322580645161 0.0322580645161 0.0322580645161 0.0322580645161 0.0322580645161 0.0322580645161 0.0322580645161
0.0322580645161 0.0322580645161 0.0322580645161 0.0322580645161 0.0322580645161 0.0322580645161 0.0322580645161 0.0322580645161 0.0322580645161 0.0322580645161 0.0322580645161 0.0322580645161 0.0322580645161 0.0322580645161 0.0322580645161 0.0322580645161 0.0322580645161 0.0322580645161 0.0322580645161 0.0322580645161 0.0322580645161 0.0322580645161 0.0322580645161 0.0322580645161 0.0322580645161 0.0322580645161 0.0322580645161 0.0322580645161 0.0322580645161 0.0322580645161 0.0322580645161
0.0322580645161 0.0322580645161 0.0322580645161 0.0322580645161 0.0322580645161 0.0322580645161 0.0322580645161 0.0322580645161 0.0322580645161 0.0322580645161 0.0322580645161 0.0322580645161 0.0322580645161 0.0322580645161 0.0322580645161 0.0322580645161 0.0322580645161 0.0322580645161 0.0322580645161 0.0322580645161 0.0322580645161 0.0322580645161 0.0322580645161 0.0322580645161 0.0322580645161 0.0322580645161 0.0322580645161 0.0322580645161 0.0322580645161 0.0322580645161 0.0322580645161
0.0322580645161 0.0322580645161 0.0322580645161 0.0322580645161 0.0322580645161 0.0322580645161 0.0322580645161 0.0322580645161 0.0322580645161 0.0322580645161 0.0322580645161 0.0322580645161 0.0322580645161 0.0322580645161 0.0322580645161 0.0322580645161 0.0322580645161 0.0322580645161 0.0322580645161 0.0322580645161 0.0322580645161 0.0322580645161 0.0322580645161 0.0322580645161 0.0322580645161 0.0322580645161 0.0322580645161 0.0322580645161 0.0322580645161 0.0322580645161 0.0322580645161
0.0322580645161 0.0322580645161 0.0322580645161 0.0322580645161 0.0322580645161 0.0322580645161 0.0322580645161 0.0322580645161 0.0322580645161 0.0322580645161 0.0322580645161 0.0322580645161 0.0322580645161 0.0322580645161 0.0322580645161 0.0322580645161 0.0322580645161 0.0322580645161 0.0322580645161 0.0322580645161 0.0322580645161 0.0322580645161 0.0322580645161 0.0322580645161 0.0322580645161 0.0322580645161 0.0322580645161 0.0322580645161 0.0322580645161 0.0322580645161 0.0322580645161
0.0303106003688 0.0303106003688 0.0303106003688 0.0303106003688 0.0303106003688 0.0303106003688 0.0303106003688 0.0303106003688 0.0303106003688 0.0303106003688 0.0303106003688 0.0303106003688 0.0303106003688 0.0404141338251 0.0437819783105 0.0348010596827 0.0318074201401 0.0308095402926 0.0304769136767 0.0404695715944 0.0438004575669 0.0348072194348 0.0318094733908 0.0308102247095 0.0303106003688 0.0303106003688 0.0303106003688 0.0303106003688 0.0303106003688 0.0303106003688 0.0303106003688
0.0322580645161 0.0322580645161 0.0322580645161 0.0322580645161 0.0322580645161 0.0322580645161 0.0322580645161 0.0322580645161 0.0322580645161 0.0322580645161 0.0322580645161 0.0322580645161 0.0322580645161 0.0322580645161 0.0322580645161 0.0322580645161 0.0322580645161 0.0322580645161 0.0322580645161 0.0322580645161 0.0322580645161 0.0322580645161 0.0322580645161 0.0322580645161 0.0322580645161 0.0322580645161 0.0322580645161 0.0322580645161 0.0322580645161 0.0322580645161 0.0322580645161
0.0322580645161 0.0322580645161 0.0322580645161 0.0322580645161 0.0322580645161 0.0322580645161 0.0322580645161 0.0322580645161 0.0322580645161 0.0322580645161 0.0322580645161 0.0322580645161 0.0322580645161 0.0322580645161 0.0322580645161 0.0322580645161 0.0322580645161 0.0322580645161 0.0322580645161 0.0322580645161 0.0322580645161 0.0322580645161 0.0322580645161 0.0322580645161 0.0322580645161 0.0322580645161 0.0322580645161 0.0322580645161 0.0322580645161 0.0322580645161 0.0322580645161
0.0322580645161 0.0322580645161 0.0322580645161 0.0322580645161 0.0322580645161 0.0322580645161 0.0322580645161 0.0322580645161 0.0322580645161 0.0322580645161 0.0322580645161 0.0322580645161 0.0322580645161 0.0322580645161 0.0322580645161 0.0322580645161 0.0322580645161 0.0322580645161 0.0322580645161 0.0322580645161 0.0322580645161 0.0322580645161 0.0322580645161 0.0322580645161 0.0322580645161 0.0322580645161 0.0322580645161 0.0322580645161 0.0322580645161 0.0322580645161 0.0322580645161
0.0322580645161 0.0322580645161 0.0322580645161 0.0322580645161 0.0322580645161 0.0322580645161 0.0322580645161 0.0322580645161 0.0322580645161 0.0322580645161 0.0322580645161 0.0322580645161 0.0322580645161 0.0322580645161 0.0322580645161 0.0322580645161 0.0322580645161 0.0322580645161 0.0322580645161 0.0322580645161 0.0322580645161 0.0322580645161 0.0322580645161 0.0322580645161 0.0322580645161 0.0322580645161 0.0322580645161 0.0322580645161 0.0322580645161 0.0322580645161 0.0322580645161
0.0322580645161 0.0322580645161 0.0322580645161 0.0322580645161 0.0322580645161 0.0322580645161 0.0322580645161 0.0322580645161 0.0322580645161 0.0322580645161 0.0322580645161 0.0322580645161 0.0322580645161 0.0322580645161 0.0322580645161 0.0322580645161 0.0322580645161 0.0322580645161 0.0322580645161 0.0322580645161 0.0322580645161 0.0322580645161 0.0322580645161 0.0322580645161 0.0322580645161 0.0322580645161 0.0322580645161 0.0322580645161 0.0322580645161 0.0322580645161 0.0322580645161
0.0285796428356 0.0285796428356 0.0285796428356 0.0285796428356 0.0285796428356 0.0285796428356 0.0285796428356 0.0285796428356 0.0285796428356 0.0381061904475 0.0412817063182 0.0328136639965 0.0299909832226 0.0290500896313 0.0287364584342 0.0286319147018 0.028597066791 0.0476385460445 0.0539857057957 0.0465748781009 0.0441046022026 0.0337546292913 0.0303046383209 0.0291546413307 0.0285796428356 0.0285796428356 0.0285796428356 0.0285796428356 0.0285796428356 0.0285796428356 0.0285796428356
0.0322580645161 0.0322580645161 0.0322580645161 0.0322580645161 0.0322580645161 0.0322580645161 0.0322580645161 0.0322580645161 0.0322580645161 0.0322580645161 0.0322580645161 0.0322580645161 0.0322580645161 0.0322580645161 0.0322580645161 0.0322580645161 0.0322580645161 0.0322580645161 0.0322580645161 0.0322580645161 0.0322580645161 0.0322580645161 0.0322580645161 0.0322580645161 0.0322580645161 0.0322580645161 0.0322580645161 0.0322580645161 0.0322580645161 0.0322580645161 0.0322580645161
0.0322580645161 0.0322580645161 0.0322580645161 0.0322580645161 0.0322580645161 0.0322580645161 0.0322580645161 0.0322580645161 0.0322580645161 0.0322580645161 0.0322580645161 0.0322580645161 0.0322580645161 0.0322580645161 0.0322580645161 0.0322580645161 0.0322580645161 0.0322580645161 0.0322580645161 0.0322580645161 0.0322580645161 0.0322580645161 0.0322580645161 0.0322580645161 0.0322580645161 0.0322580645161 0.0322580645161 0.0322580645161 0.0322580645161 0.0322580645161 0.0322580645161
0.0322580645161 0.0322580645161 0.0322580645161 0.0322580645161 0.0322580645161 0.0322580645161 0.0322580645161 0.0322580645161 0.0322580645161 0.0322580645161 0.0322580645161 0.0322580645161 0.0322580645161 0.0322580645161 0.0322580645161 0.0322580645161 0.0322580645161 0.0322580645161 0.0322580645161 0.0322580645161 0.0322580645161 0.0322580645161 0.0322580645161 0.0322580645161 0.0322580645161 0.0322580645161 0.0322580645161 0.0322580645161 0.0322580645161 0.0322580645161 0.0322580645161
0.0322580645161 0.0322580645161 0.0322580645161 0.0322580645161 0.0322580645161 0.0322580645161 0.0322580645161 0.0322580645161 0.0322580645161 0.0322580645161 0.0322580645161 0.0322580645161 0.0322580645161 0.0322580645161 0.0322580645161 0.0322580645161 0.0322580645161 0.0322580645161 0.0322580645161 0.0322580645161 0.0322580645161 0.0322580645161 0.0322580645161 0.0322580645161 0.0322580645161 0.0322580645161 0.0322580645161 0.0322580645161 0.0322580645161 0.0322580645161 0.0322580645161
0.0322580645161 0.0322580645161 0.0322580645161 0.0322580645161 0.0322580645161 0.0322580645161 0.0322580645161 0.0322580645161 0.0322580645161 0.0322580645161 0.0322580645161 0.0322580645161 0.0322580645161 0.0322580645161 0.0322580645161 0.0322580645161 0.0322580645161 0.0322580645161 0.0322580645161 0.0322580645161 0.0322580645161 0.0322580645161 0.0322580645161 0.0322580645161 0.0322580645161 0.0322580645161 0.0322580645161 0.0322580645161 0.0322580645161 0.0322580645161 0.0322580645161
0.0322580645161 0.0322580645161 0.0322580645161 0.0322580645161 0.0322580645161 0.0322580645161 0.0322580645161 0.0322580645161 0.0322580645161 0.0322580645161 0.0322580645161 0.0322580645161 0.0322580645161 0.0322580645161 0.0322580645161 0.0322580645161 0.0322580645161 0.0322580645161 0.0322580645161 0.0322580645161 0.0322580645161 0.0322580645161 0.0322580645161 0.0322580645161 0.0322580645161 0.0322580645161 0.0322580645161 0.0322580645161 0.0322580645161 0.0322580645161 0.0322580645161
0.0322580645161 0.0322580645161 0.0322580645161 0.0322580645161 0.0322580645161 0.0322580645161 0.0322580645161 0.0322580645161 0.0322580645161 0.0322580645161 0.0322580645161 0.0322580645161 0.0322580645161 0.0322580645161 0.0322580645161 0.0322580645161 0.0322580645161 0.0322580645161 0.0322580645161 0.0322580645161 0.0322580645161 0.0322580645161 0.0322580645161 0.0322580645161 0.0322580645161 0.0322580645161 0.0322580645161 0.0322580645161 0.0322580645161 0.0322580645161 0.0322580645161
0.0312500992293 0.0312500992293 0.0312500992293 0.0312500992293 0.0312500992293 0.0312500992293 0.0312500992293 0.0312500992293 0.0312500992293 0.0312500992293 0.0312500992293 0.0312500992293 0.0312500992293 0.0312500992293 0.0312500992293 0.0416667989725 0.0451390322202 0.0358797435596 0.0327933140061 0.0317645041549 0.0314215675379 0.0313072553322 0.0312691512636 0.0312564499074 0.0312500992293 0.0312500992293 0.0312500992293 0.0312500992293 0.0312500992293 0.0312500992293 0.0312500992293
0.0322580645161 0.0322580645161 0.0322580645161 0.0322580645161 0.0322580645161 0.0322580645161 0.0322580645161 0.0322580645161 0.0322580645161 0.0322580645161 0.0322580645161 0.0322580645161 0.0322580645161 0.0322580645161 0.0322580645161 0.0322580645161 0.0322580645161 0.0322580645161 0.0322580645161 0.0322580645161 0.0322580645161 0.0322580645161 0.0322580645161 0.0322580645161 0.0322580645161 0.0322580645161 0.0322580645161 0.0322580645161 0.0322580645161 0.0322580645161 0.0322580645161
0.0322580645161 0.0322580645161 0.0322580645161 0.0322580645161 0.0322580645161 0.0322580645161 0.0322580645161 0.0322580645161 0.0322580645161 0.0322580645161 0.0322580645161 0.0322580645161 0.0322580645161 0.0322580645161 0.0322580645161 0.0322580645161 0.0322580645161 0.0322580645161 0.0322580645161 0.0322580645161 0.0322580645161 0.0322580645161 0.0322580645161 0.0322580645161 0.0322580645161 0.0322580645161 0.0322580645161 0.0322580645161 0.0322580645161 0.0322580645161 0.0322580645161
0.0322580645161 0.0322580645161 0.0322580645161 0.0322580645161 0.0322580645161 0.0322580645161 0.0322580645161 0.0322580645161 0.0322580645161 0.0322580645161 0.0322580645161 0.0322580645161 0.0322580645161 0.0322580645161 0.0322580645161 0.0322580645161 0.0322580645161 0.0322580645161 0.0322580645161 0.0322580645161 0.0322580645161 0.0322580645161 0.0322580645161 0.0322580645161 0.0322580645161 0.0322580645161 0.0322580645161 0.0322580645161 0.0322580645161 0.0322580645161 0.0322580645161
0.0322580645161 0.0322580645161 0.0322580645161 0.0322580645161 0.0322580645161 0.0322580645161 0.0322580645161 0.0322580645161 0.0322580645161 0.0322580645161 0.0322580645161 0.0322580645161 0.0322580645161 0.0322580645161 0.0322580645161 0.0322580645161 0.0322580645161 0.0322580645161 0.0322580645161 0.0322580645161 0.0322580645161 0.0322580645161 0.0322580645161 0.0322580645161 0.0322580645161 0.0322580645161 0.0322580645161 0.0322580645161 0.0322580645161 0.0322580645161 0.0322580645161
