Date    MAXT(C)    MINT (C)    RH1(%)    RH2 (%)    WS (kmph)    RF (mm)    SS (hr)    EVP (mm)
2012-10-03    26.5    22.0    98.0    77.0    2.7    20.2    0.0    1.8
2012-10-26    31.0    20.1    84.0    54.0    1.9    0.0    8.9    3.5
2012-11-04    26.5    21.3    93.0    58.0    3.9    0.0    1.0    2.9
2012-11-10    26.0    16.1    91.0    41.0    0.3    0.0    0.0    3.0
2012-11-18    27.0    8.1    79.0    25.0    2.1    0.0    9.8    3.2
2012-12-03    29.0    13.1    73.0    46.0    2.6    0.0    9.1    3.3
2013-01-23    29.5    14.1    74.0    37.0    3.9    0.0    8.7    3.9
2015-10-12    33.0    20.5    91.0    31.0    0.0    0.0    4.0    3.8
2015-10-13    34.0    18.5    91.0    26.0    0.0    0.0    8.7    4.7
