Date    MAXT(C)    MINT (C)    RH1(%)    RH2 (%)    WS (kmph)    RF (mm)    SS (hr)    EVP (mm)
2012-09-11    27.5    21.0    91.0    74.0    9.2    17.0    0.0    1.3
2012-09-14    30.0    21.5    91.0    62.0    5.6    0.0    8.2    3.2
2012-09-21    31.5    22.5    92.0    64.0    2.1    0.8    5.7    3.0
2012-10-13    32.0    15.0    82.0    43.0    1.1    0.0    9.1    4.1
2012-10-26    31.0    20.1    84.0    54.0    1.9    0.0    8.9    3.5
2012-11-01    29.5    21.1    83.0    91.0    9.5    0.0    5.9    3.0
2012-11-08    30.0    18.3    91.0    47.0    1.0    0.0    7.5    3.4
2013-03-21    36.5    20.1    62.0    25.0    2.0    0.0    7.3    5.2
2015-09-21    30.0    22.5    88.0    54.0    0.6    0.0    2.1    3.0
