5.0	4.0	14.0	40.5	24.0	70.0	17.0	2.3	0.0	10.6	10.6	6.0
51.0	8.0	3.0	30.5	22.0	95.0	75.0	2.6	2.0	1.1	3.5	6.0
22.0	3.0	1.0	33.0	19.0	74.0	25.0	0.8	0.0	0.9	4.8	6.0
31.0	11.0	5.0	31.0	15.0	84.0	86.0	4.2	0.0	9.4	6.3	6.0
18.0	1.0	18.0	30.0	17.5	85.0	33.0	1.9	0.0	8.9	4.0	6.0
22.0	2.0	12.0	33.0	21.5	74.0	33.0	2.6	0.0	8.4	8.3	6.0
42.0	4.0	13.0	39.0	20.0	55.0	15.0	2.1	0.0	9.6	7.5	6.0
53.0	10.0	8.0	31.5	21.5	97.0	72.0	0.0	0.0	5.6	3.0	6.0
4.0	11.0	6.0	27.0	8.1	79.0	25.0	2.1	0.0	9.8	3.2	6.0
4.0	11.0	6.0	27.0	8.1	79.0	25.0	2.1	0.0	9.8	3.2	6.0
47.0	10.0	4.0	31.5	21.5	97.0	72.0	0.0	0.0	5.6	3.0	6.0
18.0	3.0	2.0	36.5	22.0	84.0	21.0	2.3	0.0	9.0	7.2	6.0
53.0	7.0	4.0	31.0	23.0	77.0	46.0	10.1	0.0	3.9	6.2	6.0
47.0	5.0	19.0	37.0	20.0	81.0	46.0	0.0	14.4	5.0	5.6	6.0
31.0	12.0	19.0	32.0	17.0	91.0	41.0	0.6	0.0	7.7	4.0	6.0
22.0	2.0	22.0	32.0	15.0	90.0	29.0	3.9	0.0	10.6	6.9	6.0
31.0	8.0	2.0	28.0	22.5	92.0	59.0	0.8	6.0	0.0	4.0	6.0
4.0	11.0	6.0	27.0	8.1	79.0	25.0	2.1	0.0	9.8	3.2	6.0
53.0	10.0	5.0	34.0	18.5	91.0	26.0	0.0	0.0	8.7	4.7	6.0
53.0	10.0	15.0	31.5	17.0	91.0	33.0	2.1	0.0	7.6	5.0	6.0
42.0	4.0	15.0	41.0	25.5	59.0	19.0	1.9	0.0	10.5	8.8	6.0
22.0	10.0	8.0	31.5	21.5	97.0	72.0	0.0	0.0	5.6	3.0	6.0
47.0	12.0	6.0	33.0	17.0	81.0	43.0	1.1	0.0	8.9	4.2	6.0
27.0	10.0	10.0	32.5	17.0	91.0	34.0	0.5	0.0	9.4	5.6	6.0
31.0	12.0	12.0	30.5	15.0	90.0	40.0	0.3	0.0	8.6	3.8	6.0
5.0	2.0	4.0	33.0	21.5	74.0	33.0	2.6	0.0	8.4	8.3	6.0
1.0	9.0	8.0	34.0	24.0	90.0	56.0	1.6	0.0	7.9	6.6	6.0
22.0	9.0	10.0	24.0	22.5	95.0	78.0	0.5	28.2	0.2	2.4	6.0
22.0	2.0	10.0	32.0	15.0	90.0	29.0	3.9	0.0	10.6	6.9	6.0
4.0	11.0	7.0	31.5	21.6	83.0	54.0	3.4	0.0	8.0	3.6	6.0
27.0	11.0	9.0	30.5	17.0	85.0	90.0	3.7	0.0	4.5	4.3	6.0
44.0	9.0	1.0	29.5	21.5	95.0	78.0	0.8	6.0	2.5	2.1	6.0
32.0	4.0	14.0	40.5	24.5	84.0	19.0	1.8	0.0	7.0	5.6	6.0
22.0	6.0	38.0	36.0	24.0	80.0	44.0	0.0	0.0	10.7	10.0	6.0
5.0	2.0	2.0	32.0	12.0	70.0	31.0	2.6	0.0	10.2	6.3	6.0
22.0	9.0	5.0	33.0	24.0	86.0	56.0	1.1	0.0	6.9	5.6	6.0
32.0	4.0	6.0	40.5	24.0	70.0	17.0	2.3	0.0	10.6	10.6	6.0
1.0	9.0	5.0	29.5	21.5	95.0	78.0	0.8	6.0	2.5	2.1	6.0
47.0	12.0	12.0	30.5	9.5	83.0	19.0	1.0	0.0	10.0	3.8	6.0
42.0	2.0	7.0	37.0	22.0	87.0	32.0	1.6	0.0	10.0	6.1	6.0
32.0	4.0	6.0	41.5	26.0	68.0	22.0	1.9	0.0	10.2	9.0	6.0
1.0	9.0	4.0	30.0	23.0	78.0	61.0	4.7	0.0	4.2	5.2	6.0
32.0	4.0	6.0	41.0	24.0	75.0	21.0	3.2	2.6	7.7	9.8	6.0
53.0	10.0	12.0	31.5	21.5	97.0	72.0	0.0	0.0	5.6	3.0	6.0
4.0	11.0	6.0	27.0	8.1	79.0	25.0	2.1	0.0	9.8	3.2	6.0
51.0	9.0	4.0	34.0	24.0	90.0	56.0	1.6	0.0	7.9	6.6	6.0
53.0	9.0	6.0	29.5	22.5	95.0	100.0	1.1	0.0	1.7	3.2	6.0
22.0	10.0	5.0	34.0	18.5	91.0	26.0	0.0	0.0	8.7	4.7	6.0
27.0	12.0	18.0	33.0	17.0	81.0	43.0	1.1	0.0	8.9	4.2	6.0
22.0	8.0	2.0	34.0	21.5	100.0	72.0	1.6	41.8	8.5	4.0	6.0
15.0	12.0	1.0	28.0	13.0	96.0	34.0	0.2	0.0	3.6	3.0	6.0
4.0	11.0	4.0	29.5	19.1	91.0	51.0	2.1	0.0	5.4	3.1	6.0
27.0	3.0	2.0	37.0	21.5	61.0	36.0	1.3	0.0	8.5	5.9	6.0
27.0	2.0	11.0	37.0	20.5	86.0	31.0	2.3	0.0	8.7	7.1	6.0
22.0	10.0	5.0	34.0	18.5	91.0	26.0	0.0	0.0	8.7	4.7	6.0
12.0	9.0	4.0	30.0	23.0	78.0	61.0	4.7	0.0	4.2	5.2	6.0
5.0	1.0	1.0	29.0	11.0	77.0	26.0	1.8	0.0	9.6	4.0	6.0
22.0	9.0	7.0	30.0	22.5	88.0	54.0	0.6	0.0	2.1	3.0	6.0
42.0	12.0	11.0	31.0	17.5	64.0	34.0	0.5	0.0	6.2	2.5	6.0
53.0	8.0	9.0	32.0	24.0	84.0	47.0	10.0	0.0	6.6	5.0	6.0
31.0	10.0	1.0	33.0	20.5	91.0	31.0	0.0	0.0	4.0	3.8	6.0
42.0	5.0	5.0	37.0	22.5	77.0	35.0	1.8	0.0	10.5	6.0	6.0
1.0	9.0	3.0	30.0	22.5	88.0	54.0	0.6	0.0	2.1	3.0	6.0
30.0	9.0	2.0	29.5	22.5	95.0	100.0	1.1	0.0	1.7	3.2	6.0
5.0	5.0	7.0	39.5	27.5	65.0	29.0	0.0	0.0	10.9	11.2	6.0
30.0	11.0	2.0	29.5	10.0	88.0	29.0	0.0	0.0	8.7	3.7	6.0
53.0	10.0	7.0	31.5	17.0	91.0	33.0	2.1	0.0	7.6	5.0	6.0
47.0	12.0	9.0	30.0	12.5	96.0	35.0	0.3	0.0	8.7	3.6	6.0
22.0	5.0	13.0	37.0	22.5	77.0	35.0	1.8	0.0	10.5	6.0	6.0
1.0	9.0	1.0	29.5	21.5	95.0	78.0	0.8	6.0	2.5	2.1	6.0
22.0	10.0	12.0	31.5	21.5	97.0	72.0	0.0	0.0	5.6	3.0	6.0
53.0	10.0	9.0	34.0	18.5	91.0	26.0	0.0	0.0	8.7	4.7	6.0
5.0	3.0	5.0	33.0	19.0	74.0	25.0	0.8	0.0	0.9	4.8	6.0
1.0	9.0	11.0	30.0	22.5	88.0	54.0	0.6	0.0	2.1	3.0	6.0
1.0	9.0	1.0	29.5	21.5	95.0	78.0	0.8	6.0	2.5	2.1	6.0
27.0	3.0	2.0	37.0	21.5	61.0	36.0	1.3	0.0	8.5	5.9	6.0
53.0	1.0	23.0	29.5	14.1	74.0	37.0	3.9	0.0	8.7	3.9	6.0
1.0	9.0	2.0	29.5	22.5	95.0	100.0	1.1	0.0	1.7	3.2	6.0
47.0	12.0	11.0	32.0	17.0	91.0	41.0	0.6	0.0	7.7	4.0	6.0
21.0	4.0	29.0	39.0	20.0	55.0	15.0	2.1	0.0	9.6	7.5	6.0
47.0	12.0	11.0	32.0	17.0	91.0	41.0	0.6	0.0	7.7	4.0	6.0
30.0	10.0	16.0	30.0	22.5	97.0	64.0	0.3	0.0	4.4	2.9	6.0
5.0	11.0	3.0	29.5	14.0	89.0	40.0	0.5	0.0	8.9	3.8	6.0
53.0	12.0	20.0	29.0	13.1	73.0	46.0	2.6	0.0	9.1	3.3	6.0
37.0	11.0	3.0	30.5	16.5	90.0	46.0	0.0	0.0	7.7	3.3	6.0
22.0	9.0	4.0	31.0	21.5	92.0	66.0	0.5	2.0	5.7	4.3	6.0
4.0	11.0	7.0	31.5	21.6	83.0	54.0	3.4	0.0	8.0	3.6	6.0
5.0	3.0	6.0	36.5	22.0	84.0	21.0	2.3	0.0	9.0	7.2	6.0
42.0	1.0	4.0	32.5	13.0	69.0	36.0	0.8	0.0	9.5	4.0	6.0
5.0	11.0	2.0	32.0	14.5	79.0	49.0	1.8	0.0	8.0	3.8	6.0
37.0	11.0	3.0	25.5	19.5	75.0	53.0	0.5	0.0	0.5	2.8	6.0
22.0	10.0	8.0	31.5	21.5	97.0	72.0	0.0	0.0	5.6	3.0	6.0
30.0	10.0	8.0	31.5	21.5	97.0	46.0	0.2	2.8	2.5	3.0	6.0
22.0	9.0	8.0	34.0	24.0	90.0	56.0	1.6	0.0	7.9	6.6	6.0
27.0	3.0	4.0	38.0	22.5	89.0	33.0	1.3	3.0	8.2	6.8	6.0
6.0	11.0	11.0	30.0	19.5	91.0	45.0	0.5	0.0	6.2	4.2	6.0
47.0	10.0	4.0	31.5	21.5	97.0	72.0	0.0	0.0	5.6	3.0	6.0
30.0	9.0	7.0	30.5	22.0	87.0	53.0	0.6	0.0	6.3	4.4	6.0
44.0	11.0	3.0	30.5	19.0	96.0	48.0	0.8	0.0	9.1	4.2	6.0
1.0	9.0	1.0	33.0	24.0	86.0	56.0	1.1	0.0	6.9	5.6	6.0
5.0	4.0	10.0	41.5	26.0	68.0	22.0	1.9	0.0	10.2	9.0	6.0
22.0	8.0	3.0	30.5	22.0	95.0	75.0	2.6	2.0	1.1	3.5	6.0
44.0	12.0	4.0	30.5	15.0	90.0	40.0	0.3	0.0	8.6	3.8	6.0
10.0	10.0	20.0	31.0	21.5	87.0	52.0	0.8	1.8	5.9	2.5	6.0
22.0	9.0	3.0	30.0	22.5	88.0	54.0	0.6	0.0	2.1	3.0	6.0
14.0	8.0	4.0	29.0	22.0	84.0	66.0	3.5	13.6	1.9	4.7	6.0
15.0	9.0	2.0	29.5	22.5	95.0	100.0	1.1	0.0	1.7	3.2	6.0
22.0	9.0	8.0	34.0	24.0	90.0	56.0	1.6	0.0	7.9	6.6	6.0
21.0	5.0	14.0	32.0	25.0	77.0	49.0	4.3	0.0	0.0	3.3	6.0
47.0	12.0	9.0	30.0	12.5	96.0	35.0	0.3	0.0	8.7	3.6	6.0
4.0	11.0	6.0	27.0	8.1	79.0	25.0	2.1	0.0	9.8	3.2	6.0
52.0	11.0	2.0	31.0	19.0	87.0	56.0	1.6	0.0	6.8	3.6	6.0
47.0	12.0	9.0	30.0	12.5	96.0	35.0	0.3	0.0	8.7	3.6	6.0
42.0	5.0	20.0	38.0	26.0	59.0	32.0	0.0	0.0	10.8	10.6	6.0
5.0	2.0	2.0	33.0	12.5	79.0	26.0	3.1	0.0	10.9	7.0	6.0
30.0	11.0	13.0	31.0	15.0	84.0	86.0	4.2	0.0	9.4	6.3	6.0
53.0	10.0	12.0	31.5	21.5	97.0	72.0	0.0	0.0	5.6	3.0	6.0
31.0	3.0	2.0	37.0	21.5	61.0	36.0	1.3	0.0	8.5	5.9	6.0
22.0	10.0	4.0	31.5	21.5	97.0	72.0	0.0	0.0	5.6	3.0	6.0
47.0	4.0	7.0	42.0	27.0	48.0	16.0	1.3	0.0	9.4	8.0	6.0
12.0	10.0	21.0	34.0	23.0	81.0	50.0	0.0	0.0	8.1	5.2	6.0
4.0	11.0	7.0	31.5	21.6	83.0	54.0	3.4	0.0	8.0	3.6	6.0
31.0	9.0	4.0	31.0	21.5	92.0	66.0	0.5	2.0	5.7	4.3	6.0
5.0	1.0	9.0	29.0	11.0	77.0	26.0	1.8	0.0	9.6	4.0	6.0
22.0	10.0	5.0	34.0	18.5	91.0	26.0	0.0	0.0	8.7	4.7	6.0
30.0	9.0	3.0	33.0	24.0	84.0	52.0	0.0	0.0	8.9	4.0	6.0
42.0	1.0	1.0	29.0	11.5	72.0	27.0	0.6	0.0	8.8	3.4	6.0
22.0	10.0	4.0	30.0	22.5	97.0	64.0	0.3	0.0	4.4	2.9	6.0
5.0	2.0	4.0	33.0	21.5	74.0	33.0	2.6	0.0	8.4	8.3	6.0
53.0	10.0	19.0	31.5	17.0	91.0	33.0	2.1	0.0	7.6	5.0	6.0
47.0	12.0	11.0	32.0	17.0	91.0	41.0	0.6	0.0	7.7	4.0	6.0
22.0	8.0	7.0	30.5	22.0	95.0	75.0	2.6	2.0	1.1	3.5	6.0
27.0	11.0	8.0	32.0	21.5	95.0	51.0	0.3	0.0	9.2	3.2	6.0
4.0	11.0	2.0	27.0	8.1	79.0	25.0	2.1	0.0	9.8	3.2	6.0
53.0	10.0	8.0	31.5	21.5	97.0	72.0	0.0	0.0	5.6	3.0	6.0
12.0	10.0	13.0	32.5	18.0	94.0	35.0	0.3	0.0	8.8	4.1	6.0
22.0	7.0	3.0	32.0	23.5	79.0	47.0	8.7	0.0	0.5	5.0	6.0
5.0	10.0	4.0	31.5	21.5	97.0	72.0	0.0	0.0	5.6	3.0	6.0
15.0	12.0	3.0	32.0	17.0	91.0	41.0	0.6	0.0	7.7	4.0	6.0
53.0	10.0	19.0	31.5	17.0	91.0	33.0	2.1	0.0	7.6	5.0	6.0
53.0	10.0	5.0	34.0	18.5	91.0	26.0	0.0	0.0	8.7	4.7	6.0
5.0	7.0	3.0	32.0	23.5	79.0	47.0	8.7	0.0	0.5	5.0	6.0
22.0	6.0	37.0	33.5	24.0	81.0	61.0	0.0	0.0	4.0	5.1	6.0
18.0	8.0	3.0	30.5	22.0	95.0	75.0	2.6	2.0	1.1	3.5	6.0
12.0	10.0	8.0	29.0	21.5	100.0	92.0	0.6	14.0	0.0	1.8	6.0
22.0	8.0	7.0	30.5	22.0	95.0	75.0	2.6	2.0	1.1	3.5	6.0
51.0	9.0	4.0	34.0	24.0	90.0	56.0	1.6	0.0	7.9	6.6	6.0
53.0	10.0	17.0	34.0	18.5	91.0	26.0	0.0	0.0	8.7	4.7	6.0
22.0	7.0	3.0	32.0	23.5	79.0	47.0	8.7	0.0	0.5	5.0	6.0
22.0	9.0	6.0	29.5	23.5	87.0	63.0	2.4	0.0	2.0	2.1	6.0
15.0	2.0	12.0	33.0	21.5	74.0	33.0	2.6	0.0	8.4	8.3	6.0
22.0	10.0	5.0	34.0	18.5	91.0	26.0	0.0	0.0	8.7	4.7	6.0
1.0	9.0	4.0	34.0	24.0	84.0	51.0	1.4	5.4	6.8	5.5	6.0
22.0	1.0	16.0	32.0	14.5	89.0	24.0	1.0	0.0	7.3	3.8	6.0
18.0	9.0	5.0	29.5	21.5	95.0	78.0	0.8	6.0	2.5	2.1	6.0
22.0	9.0	8.0	34.0	24.0	90.0	56.0	1.6	0.0	7.9	6.6	6.0
15.0	3.0	14.0	36.5	22.0	84.0	21.0	2.3	0.0	9.0	7.2	6.0
1.0	9.0	4.0	34.0	24.0	84.0	51.0	1.4	5.4	6.8	5.5	6.0
22.0	3.0	4.0	36.0	22.0	68.0	32.0	4.0	0.0	8.3	9.0	6.0
53.0	10.0	17.0	34.0	18.5	91.0	26.0	0.0	0.0	8.7	4.7	6.0
21.0	3.0	7.0	38.0	16.5	56.0	19.0	3.9	0.0	9.2	9.2	6.0
53.0	10.0	17.0	34.0	18.5	91.0	26.0	0.0	0.0	8.7	4.7	6.0
27.0	3.0	4.0	36.0	22.0	68.0	32.0	4.0	0.0	8.3	9.0	6.0
42.0	12.0	15.0	27.0	9.0	69.0	26.0	1.3	0.0	7.2	4.3	6.0
53.0	10.0	4.0	31.5	21.5	97.0	72.0	0.0	0.0	5.6	3.0	6.0
42.0	2.0	8.0	33.0	21.5	74.0	33.0	2.6	0.0	8.4	8.3	6.0
37.0	11.0	3.0	30.5	16.5	90.0	46.0	0.0	0.0	7.7	3.3	6.0
52.0	11.0	3.0	30.5	16.5	90.0	46.0	0.0	0.0	7.7	3.3	6.0
20.0	9.0	7.0	33.0	24.0	84.0	52.0	0.0	0.0	8.9	4.0	6.0
22.0	12.0	0.0	30.5	15.0	90.0	40.0	0.3	0.0	8.6	3.8	6.0
30.0	9.0	7.0	30.0	22.5	88.0	54.0	0.6	0.0	2.1	3.0	6.0
31.0	11.0	11.0	30.0	19.5	91.0	45.0	0.5	0.0	6.2	4.2	6.0
48.0	11.0	13.0	26.0	16.1	91.0	41.0	0.3	0.0	0.0	3.0	6.0
22.0	9.0	3.0	30.0	22.5	88.0	54.0	0.6	0.0	2.1	3.0	6.0
47.0	12.0	3.0	32.0	17.0	91.0	41.0	0.6	0.0	7.7	4.0	6.0
1.0	9.0	5.0	29.5	21.5	95.0	78.0	0.8	6.0	2.5	2.1	6.0
42.0	4.0	13.0	39.0	20.0	55.0	15.0	2.1	0.0	9.6	7.5	6.0
1.0	9.0	1.0	29.5	21.5	95.0	78.0	0.8	6.0	2.5	2.1	6.0
44.0	11.0	3.0	30.5	19.0	96.0	48.0	0.8	0.0	9.1	4.2	6.0
1.0	9.0	5.0	33.0	24.0	86.0	56.0	1.1	0.0	6.9	5.6	6.0
22.0	10.0	5.0	34.0	18.5	91.0	26.0	0.0	0.0	8.7	4.7	6.0
5.0	12.0	8.0	26.5	17.0	90.0	37.0	0.2	1.4	0.0	2.6	6.0
30.0	9.0	5.0	29.5	21.5	95.0	78.0	0.8	6.0	2.5	2.1	6.0
9.0	11.0	4.0	31.0	19.0	96.0	44.0	1.0	0.0	5.9	3.2	6.0
18.0	1.0	18.0	30.0	17.5	85.0	33.0	1.9	0.0	8.9	4.0	6.0
27.0	3.0	3.0	38.0	20.0	55.0	20.0	2.1	0.0	8.8	8.1	6.0
5.0	3.0	6.0	36.5	22.0	84.0	21.0	2.3	0.0	9.0	7.2	6.0
5.0	10.0	5.0	32.5	18.0	94.0	35.0	0.3	0.0	8.8	4.1	6.0
32.0	4.0	7.0	41.0	25.5	59.0	19.0	1.9	0.0	10.5	8.8	6.0
53.0	7.0	4.0	31.0	23.0	77.0	46.0	10.1	0.0	3.9	6.2	6.0
23.0	4.0	2.0	40.5	24.0	70.0	17.0	2.3	0.0	10.6	10.6	6.0
4.0	1.0	4.0	30.5	18.1	82.0	38.0	5.0	0.0	7.7	4.0	6.0
22.0	7.0	51.0	28.5	22.0	91.0	74.0	0.0	0.0	1.2	2.4	6.0
6.0	1.0	20.0	31.0	13.0	79.0	26.0	1.9	0.0	9.8	4.3	6.0
27.0	10.0	5.0	34.0	18.5	91.0	26.0	0.0	0.0	8.7	4.7	6.0
1.0	9.0	5.0	29.0	21.5	100.0	72.0	0.3	26.2	3.0	1.4	6.0
42.0	4.0	14.0	41.0	24.0	75.0	21.0	3.2	2.6	7.7	9.8	6.0
31.0	10.0	8.0	30.0	22.5	97.0	64.0	0.3	0.0	4.4	2.9	6.0
18.0	8.0	3.0	30.5	22.0	95.0	75.0	2.6	2.0	1.1	3.5	6.0
22.0	5.0	32.0	40.0	24.5	65.0	33.0	0.0	2.0	10.1	10.8	6.0
5.0	7.0	51.0	28.5	22.0	91.0	74.0	0.0	0.0	1.2	2.4	6.0
27.0	10.0	4.0	31.5	21.5	97.0	72.0	0.0	0.0	5.6	3.0	6.0
5.0	7.0	3.0	32.0	23.5	79.0	47.0	8.7	0.0	0.5	5.0	6.0
5.0	3.0	8.0	38.0	23.0	69.0	39.0	3.5	0.0	8.3	7.0	6.0
39.0	10.0	1.0	33.0	20.5	91.0	31.0	0.0	0.0	4.0	3.8	6.0
1.0	9.0	1.0	29.5	21.5	95.0	78.0	0.8	6.0	2.5	2.1	6.0
1.0	9.0	8.0	34.0	24.0	90.0	56.0	1.6	0.0	7.9	6.6	6.0
15.0	3.0	14.0	36.5	22.0	84.0	21.0	2.3	0.0	9.0	7.2	6.0
4.0	11.0	6.0	27.0	8.1	79.0	25.0	2.1	0.0	9.8	3.2	6.0
4.0	11.0	0.0	29.5	19.1	91.0	51.0	2.1	0.0	5.4	3.1	6.0
32.0	3.0	20.0	38.0	23.0	69.0	39.0	3.5	0.0	8.3	7.0	6.0
22.0	8.0	4.0	31.0	23.5	81.0	41.0	9.8	0.6	0.6	5.8	6.0
22.0	9.0	7.0	30.5	22.0	87.0	53.0	0.6	0.0	6.3	4.4	6.0
44.0	11.0	3.0	29.5	14.0	89.0	40.0	0.5	0.0	8.9	3.8	6.0
22.0	10.0	4.0	31.5	21.5	97.0	46.0	0.2	2.8	2.5	3.0	6.0
18.0	1.0	19.0	30.0	17.0	90.0	37.0	1.0	0.0	7.4	3.4	6.0
5.0	5.0	1.0	37.0	22.5	77.0	35.0	1.8	0.0	10.5	6.0	6.0
42.0	3.0	10.0	37.0	21.5	61.0	36.0	1.3	0.0	8.5	5.9	6.0
22.0	8.0	3.0	30.5	22.0	95.0	75.0	2.6	2.0	1.1	3.5	6.0
30.0	9.0	3.0	33.0	24.0	84.0	52.0	0.0	0.0	8.9	4.0	6.0
42.0	3.0	10.0	37.0	21.5	61.0	36.0	1.3	0.0	8.5	5.9	6.0
1.0	8.0	3.0	32.0	23.0	84.0	56.0	3.7	0.0	10.4	6.2	6.0
15.0	2.0	12.0	33.0	21.5	74.0	33.0	2.6	0.0	8.4	8.3	6.0
42.0	3.0	6.0	36.5	22.0	84.0	21.0	2.3	0.0	9.0	7.2	6.0
31.0	3.0	26.0	36.5	22.0	84.0	21.0	2.3	0.0	9.0	7.2	6.0
30.0	10.0	8.0	31.5	21.5	97.0	72.0	0.0	0.0	5.6	3.0	6.0
42.0	12.0	10.0	33.0	19.5	76.0	35.0	0.5	0.0	8.4	3.2	6.0
1.0	9.0	5.0	29.5	21.5	95.0	78.0	0.8	6.0	2.5	2.1	6.0
5.0	2.0	4.0	33.0	21.5	74.0	33.0	2.6	0.0	8.4	8.3	6.0
53.0	10.0	15.0	31.0	20.1	84.0	54.0	1.9	0.0	8.9	3.5	6.0
2.0	10.0	12.0	28.0	21.0	100.0	70.0	6.1	5.6	3.9	2.8	6.0
47.0	12.0	8.0	26.5	17.0	90.0	37.0	0.2	1.4	0.0	2.6	6.0
30.0	9.0	1.0	29.0	21.5	100.0	72.0	0.3	26.2	3.0	1.4	6.0
1.0	9.0	1.0	32.0	22.0	91.0	64.0	1.1	12.2	6.7	5.2	6.0
44.0	9.0	1.0	33.0	24.0	86.0	56.0	1.1	0.0	6.9	5.6	6.0
22.0	8.0	4.0	31.0	23.5	81.0	41.0	9.8	0.6	0.6	5.8	6.0
22.0	9.0	7.0	30.0	22.5	88.0	54.0	0.6	0.0	2.1	3.0	6.0
22.0	9.0	11.0	30.0	22.5	88.0	54.0	0.6	0.0	2.1	3.0	6.0
22.0	9.0	7.0	30.0	22.5	88.0	54.0	0.6	0.0	2.1	3.0	6.0
5.0	12.0	16.0	31.0	15.0	94.0	34.0	0.3	0.0	9.5	4.0	6.0
39.0	8.0	4.0	29.0	22.0	84.0	66.0	3.5	13.6	1.9	4.7	6.0
32.0	3.0	20.0	38.0	23.0	69.0	39.0	3.5	0.0	8.3	7.0	6.0
22.0	8.0	7.0	30.5	22.0	95.0	75.0	2.6	2.0	1.1	3.5	6.0
42.0	3.0	11.0	38.0	16.5	56.0	19.0	3.9	0.0	9.2	9.2	6.0
42.0	2.0	6.0	33.0	12.5	79.0	26.0	3.1	0.0	10.9	7.0	6.0
5.0	6.0	14.0	36.0	24.0	80.0	44.0	0.0	0.0	10.7	10.0	6.0
37.0	11.0	2.0	31.0	19.0	87.0	56.0	1.6	0.0	6.8	3.6	6.0
27.0	11.0	14.0	31.0	19.0	87.0	56.0	1.6	0.0	6.8	3.6	6.0
22.0	4.0	6.0	41.0	24.0	75.0	21.0	3.2	2.6	7.7	9.8	6.0
22.0	9.0	10.0	24.0	22.5	95.0	78.0	0.5	28.2	0.2	2.4	6.0
47.0	2.0	18.0	32.0	15.0	90.0	29.0	3.9	0.0	10.6	6.9	6.0
1.0	4.0	9.0	39.0	20.0	55.0	15.0	2.1	0.0	9.6	7.5	6.0
12.0	8.0	5.0	32.0	24.0	84.0	47.0	10.0	0.0	6.6	5.0	6.0
30.0	12.0	17.0	28.0	13.0	96.0	34.0	0.2	0.0	3.6	3.0	6.0
30.0	10.0	7.0	31.5	17.0	91.0	33.0	2.1	0.0	7.6	5.0	6.0
44.0	2.0	2.0	32.0	12.0	70.0	31.0	2.6	0.0	10.2	6.3	6.0
1.0	9.0	8.0	34.0	24.0	90.0	56.0	1.6	0.0	7.9	6.6	6.0
53.0	10.0	8.0	26.5	22.0	98.0	77.0	2.7	20.2	0.0	1.8	6.0
22.0	9.0	4.0	34.0	24.0	90.0	56.0	1.6	0.0	7.9	6.6	6.0
42.0	5.0	17.0	37.0	22.5	77.0	35.0	1.8	0.0	10.5	6.0	6.0
53.0	10.0	4.0	31.5	21.5	97.0	72.0	0.0	0.0	5.6	3.0	6.0
1.0	9.0	0.0	34.0	24.0	84.0	51.0	1.4	5.4	6.8	5.5	6.0
32.0	3.0	3.0	38.0	16.5	56.0	19.0	3.9	0.0	9.2	9.2	6.0
21.0	4.0	9.0	40.5	22.5	48.0	19.0	1.3	0.0	10.7	9.1	6.0
47.0	1.0	14.0	30.5	20.0	79.0	46.0	1.8	0.0	9.2	4.8	6.0
5.0	1.0	2.0	28.0	19.0	91.0	46.0	2.1	0.0	2.2	2.6	6.0
31.0	12.0	6.0	33.0	19.5	76.0	35.0	0.5	0.0	8.4	3.2	6.0
31.0	10.0	0.0	31.5	21.5	97.0	72.0	0.0	0.0	5.6	3.0	6.0
5.0	2.0	4.0	33.0	21.5	74.0	33.0	2.6	0.0	8.4	8.3	6.0
53.0	10.0	68.0	30.0	16.1	91.0	51.0	0.0	0.0	7.7	3.6	6.0
7.0	12.0	6.0	33.0	15.0	90.0	19.0	1.6	0.0	9.5	5.2	6.0
30.0	9.0	3.0	33.0	24.0	84.0	52.0	0.0	0.0	8.9	4.0	6.0
27.0	5.0	12.0	40.0	24.5	65.0	33.0	0.0	2.0	10.1	10.8	6.0
53.0	9.0	9.0	27.5	21.0	91.0	74.0	9.2	17.0	0.0	1.3	6.0
12.0	10.0	16.0	29.0	15.1	74.0	37.0	3.9	0.0	7.6	3.1	6.0
5.0	12.0	3.0	27.0	9.0	69.0	26.0	1.3	0.0	7.2	4.3	6.0
22.0	8.0	3.0	30.5	22.0	95.0	75.0	2.6	2.0	1.1	3.5	6.0
31.0	2.0	24.0	33.0	21.5	74.0	33.0	2.6	0.0	8.4	8.3	6.0
47.0	4.0	5.0	40.5	22.5	48.0	19.0	1.3	0.0	10.7	9.1	6.0
15.0	2.0	10.0	32.0	12.0	70.0	31.0	2.6	0.0	10.2	6.3	6.0
47.0	2.0	7.0	37.0	22.0	87.0	32.0	1.6	0.0	10.0	6.1	6.0
4.0	11.0	2.0	27.0	8.1	79.0	25.0	2.1	0.0	9.8	3.2	6.0
20.0	10.0	0.0	30.0	22.5	97.0	64.0	0.3	0.0	4.4	2.9	6.0
47.0	10.0	0.0	31.5	21.5	97.0	46.0	0.2	2.8	2.5	3.0	6.0
31.0	11.0	4.0	31.0	19.0	96.0	44.0	1.0	0.0	5.9	3.2	6.0
20.0	10.0	9.0	33.0	19.0	91.0	32.0	0.2	0.0	8.5	4.2	6.0
47.0	12.0	1.0	30.0	12.5	96.0	35.0	0.3	0.0	8.7	3.6	6.0
22.0	10.0	8.0	31.5	21.5	97.0	72.0	0.0	0.0	5.6	3.0	6.0
20.0	9.0	7.0	33.0	24.0	84.0	52.0	0.0	0.0	8.9	4.0	6.0
21.0	3.0	7.0	38.0	16.5	56.0	19.0	3.9	0.0	9.2	9.2	6.0
42.0	3.0	12.0	38.0	22.5	89.0	33.0	1.3	3.0	8.2	6.8	6.0
22.0	10.0	5.0	34.0	18.5	91.0	26.0	0.0	0.0	8.7	4.7	6.0
32.0	3.0	4.0	37.0	22.0	68.0	33.0	1.4	0.0	6.8	6.2	6.0
53.0	10.0	19.0	31.5	17.0	91.0	33.0	2.1	0.0	7.6	5.0	6.0
16.0	12.0	44.0	26.5	17.0	90.0	37.0	0.2	1.4	0.0	2.6	6.0
22.0	9.0	8.0	34.0	24.0	90.0	56.0	1.6	0.0	7.9	6.6	6.0
21.0	4.0	26.0	40.5	24.0	70.0	17.0	2.3	0.0	10.6	10.6	6.0
53.0	9.0	15.0	30.0	22.5	88.0	54.0	0.6	0.0	2.1	3.0	6.0
42.0	12.0	8.0	31.0	15.0	94.0	34.0	0.3	0.0	9.5	4.0	6.0
1.0	9.0	5.0	33.0	24.0	86.0	56.0	1.1	0.0	6.9	5.6	6.0
5.0	1.0	1.0	29.0	11.0	77.0	26.0	1.8	0.0	9.6	4.0	6.0
1.0	9.0	5.0	33.0	24.0	86.0	56.0	1.1	0.0	6.9	5.6	6.0
0.0	10.0	4.0	30.0	22.5	97.0	64.0	0.3	0.0	4.4	2.9	6.0
42.0	3.0	10.0	39.0	23.5	79.0	29.0	1.9	0.0	9.0	8.2	6.0
44.0	12.0	6.0	33.0	17.0	81.0	43.0	1.1	0.0	8.9	4.2	6.0
27.0	8.0	4.0	29.0	22.0	84.0	66.0	3.5	13.6	1.9	4.7	6.0
44.0	11.0	13.0	31.0	13.5	94.0	48.0	2.1	0.0	9.3	3.9	6.0
27.0	9.0	2.0	24.0	22.5	95.0	78.0	0.5	28.2	0.2	2.4	6.0
4.0	11.0	6.0	27.0	8.1	79.0	25.0	2.1	0.0	9.8	3.2	6.0
20.0	10.0	9.0	33.0	19.0	91.0	32.0	0.2	0.0	8.5	4.2	6.0
47.0	10.0	5.0	32.5	18.0	94.0	35.0	0.3	0.0	8.8	4.1	6.0
26.0	9.0	3.0	30.0	22.5	88.0	54.0	0.6	0.0	2.1	3.0	6.0
18.0	9.0	4.0	34.0	24.0	84.0	51.0	1.4	5.4	6.8	5.5	6.0
22.0	10.0	0.0	31.5	21.5	97.0	72.0	0.0	0.0	5.6	3.0	6.0
53.0	8.0	7.0	31.5	22.5	87.0	56.0	3.4	0.0	6.6	3.5	6.0
5.0	1.0	24.0	31.0	13.0	79.0	26.0	1.9	0.0	9.8	4.3	6.0
22.0	10.0	14.0	32.5	17.0	91.0	34.0	0.5	0.0	9.4	5.6	6.0
44.0	9.0	1.0	33.0	24.0	86.0	56.0	1.1	0.0	6.9	5.6	6.0
23.0	11.0	13.0	31.0	13.5	94.0	48.0	2.1	0.0	9.3	3.9	6.0
5.0	7.0	3.0	32.0	23.5	79.0	47.0	8.7	0.0	0.5	5.0	6.0
53.0	10.0	5.0	34.0	18.5	91.0	26.0	0.0	0.0	8.7	4.7	6.0
5.0	11.0	15.0	30.0	19.5	91.0	45.0	0.5	0.0	6.2	4.2	6.0
22.0	8.0	4.0	31.0	23.5	81.0	41.0	9.8	0.6	0.6	5.8	6.0
42.0	2.0	4.0	33.0	21.5	74.0	33.0	2.6	0.0	8.4	8.3	6.0
22.0	9.0	3.0	30.5	22.0	87.0	53.0	0.6	0.0	6.3	4.4	6.0
5.0	9.0	8.0	34.0	24.0	90.0	56.0	1.6	0.0	7.9	6.6	6.0
31.0	10.0	4.0	30.0	22.5	97.0	64.0	0.3	0.0	4.4	2.9	6.0
32.0	4.0	1.0	39.0	20.0	55.0	15.0	2.1	0.0	9.6	7.5	6.0
53.0	8.0	4.0	33.0	22.5	87.0	51.0	9.3	3.8	8.2	7.0	6.0
27.0	10.0	7.0	32.0	18.5	91.0	47.0	2.1	0.0	8.7	5.2	6.0
21.0	3.0	32.0	36.0	22.0	68.0	32.0	4.0	0.0	8.3	9.0	6.0
5.0	3.0	6.0	36.5	22.0	84.0	21.0	2.3	0.0	9.0	7.2	6.0
20.0	9.0	3.0	33.0	24.0	84.0	52.0	0.0	0.0	8.9	4.0	6.0
47.0	5.0	28.0	40.0	24.5	65.0	33.0	0.0	2.0	10.1	10.8	6.0
47.0	12.0	10.0	33.0	19.5	76.0	35.0	0.5	0.0	8.4	3.2	6.0
47.0	12.0	12.0	30.5	9.5	83.0	19.0	1.0	0.0	10.0	3.8	6.0
15.0	12.0	3.0	32.0	17.0	91.0	41.0	0.6	0.0	7.7	4.0	6.0
53.0	11.0	22.0	32.0	14.5	79.0	49.0	1.8	0.0	8.0	3.8	6.0
5.0	1.0	8.0	32.5	13.0	69.0	36.0	0.8	0.0	9.5	4.0	6.0
53.0	11.0	16.0	26.5	21.3	93.0	58.0	3.9	0.0	1.0	2.9	6.0
32.0	4.0	22.0	40.5	24.5	84.0	19.0	1.8	0.0	7.0	5.6	6.0
15.0	1.0	8.0	32.0	14.5	89.0	24.0	1.0	0.0	7.3	3.8	6.0
22.0	10.0	12.0	31.5	21.5	97.0	72.0	0.0	0.0	5.6	3.0	6.0
32.0	4.0	24.0	41.0	26.5	49.0	18.0	1.1	0.0	10.5	9.5	6.0
42.0	10.0	1.0	33.0	20.5	91.0	31.0	0.0	0.0	4.0	3.8	6.0
2.0	10.0	13.0	32.0	15.0	82.0	43.0	1.1	0.0	9.1	4.1	6.0
42.0	11.0	7.0	30.0	19.5	91.0	45.0	0.5	0.0	6.2	4.2	6.0
20.0	9.0	1.0	29.5	21.5	95.0	78.0	0.8	6.0	2.5	2.1	6.0
30.0	10.0	4.0	31.5	21.5	97.0	46.0	0.2	2.8	2.5	3.0	6.0
47.0	6.0	14.0	36.0	24.0	80.0	44.0	0.0	0.0	10.7	10.0	6.0
5.0	1.0	22.0	28.0	19.0	91.0	46.0	2.1	0.0	2.2	2.6	6.0
47.0	12.0	11.0	32.0	17.0	91.0	41.0	0.6	0.0	7.7	4.0	6.0
22.0	10.0	9.0	34.0	18.5	91.0	26.0	0.0	0.0	8.7	4.7	6.0
47.0	12.0	12.0	30.5	9.5	83.0	19.0	1.0	0.0	10.0	3.8	6.0
5.0	2.0	26.0	33.0	12.5	79.0	26.0	3.1	0.0	10.9	7.0	6.0
27.0	3.0	3.0	38.0	20.0	55.0	20.0	2.1	0.0	8.8	8.1	6.0
47.0	1.0	10.0	30.5	20.0	79.0	46.0	1.8	0.0	9.2	4.8	6.0
53.0	10.0	9.0	34.0	18.5	91.0	26.0	0.0	0.0	8.7	4.7	6.0
31.0	2.0	19.0	36.0	17.5	72.0	22.0	1.1	0.0	9.8	5.6	6.0
47.0	6.0	14.0	36.0	24.0	80.0	44.0	0.0	0.0	10.7	10.0	6.0
5.0	5.0	41.0	37.0	22.5	77.0	35.0	1.8	0.0	10.5	6.0	6.0
5.0	4.0	4.0	41.0	25.0	52.0	17.0	1.9	0.0	10.6	8.2	6.0
42.0	4.0	5.0	39.0	20.0	55.0	15.0	2.1	0.0	9.6	7.5	6.0
0.0	10.0	4.0	30.0	22.5	97.0	64.0	0.3	0.0	4.4	2.9	6.0
22.0	10.0	9.0	34.0	18.5	91.0	26.0	0.0	0.0	8.7	4.7	6.0
44.0	11.0	0.0	31.0	19.0	96.0	44.0	1.0	0.0	5.9	3.2	6.0
42.0	3.0	11.0	38.0	20.0	55.0	20.0	2.1	0.0	8.8	8.1	6.0
47.0	7.0	35.0	28.5	22.0	91.0	74.0	0.0	0.0	1.2	2.4	6.0
42.0	3.0	12.0	36.0	22.0	68.0	32.0	4.0	0.0	8.3	9.0	6.0
22.0	9.0	0.0	34.0	24.0	90.0	56.0	1.6	0.0	7.9	6.6	6.0
27.0	10.0	8.0	31.0	21.0	73.0	52.0	1.9	0.0	6.4	4.2	6.0
5.0	3.0	6.0	39.0	23.5	79.0	29.0	1.9	0.0	9.0	8.2	6.0
27.0	10.0	8.0	31.0	21.0	73.0	52.0	1.9	0.0	6.4	4.2	6.0
15.0	12.0	4.0	30.5	9.5	83.0	19.0	1.0	0.0	10.0	3.8	6.0
0.0	10.0	4.0	30.0	22.5	97.0	64.0	0.3	0.0	4.4	2.9	6.0
26.0	9.0	0.0	34.0	24.0	90.0	56.0	1.6	0.0	7.9	6.6	6.0
31.0	10.0	1.0	34.0	18.5	91.0	26.0	0.0	0.0	8.7	4.7	6.0
42.0	5.0	30.0	34.0	25.0	77.0	58.0	1.6	0.0	3.7	5.7	6.0
30.0	9.0	3.0	30.5	22.0	87.0	53.0	0.6	0.0	6.3	4.4	6.0
53.0	10.0	9.0	31.5	15.0	86.0	31.0	2.1	0.0	9.3	4.0	6.0
42.0	5.0	8.0	40.0	24.5	65.0	33.0	0.0	2.0	10.1	10.8	6.0
30.0	9.0	5.0	33.0	24.0	86.0	56.0	1.1	0.0	6.9	5.6	6.0
12.0	9.0	4.0	31.0	21.5	92.0	66.0	0.5	2.0	5.7	4.3	6.0
30.0	9.0	6.0	29.5	22.5	95.0	100.0	1.1	0.0	1.7	3.2	6.0
30.0	10.0	7.0	32.0	18.5	91.0	47.0	2.1	0.0	8.7	5.2	6.0
5.0	7.0	27.0	28.5	22.0	91.0	74.0	0.0	0.0	1.2	2.4	6.0
30.0	10.0	3.0	32.0	18.5	91.0	47.0	2.1	0.0	8.7	5.2	6.0
22.0	10.0	4.0	31.5	21.5	97.0	72.0	0.0	0.0	5.6	3.0	6.0
5.0	4.0	10.0	40.5	24.0	70.0	17.0	2.3	0.0	10.6	10.6	6.0
23.0	4.0	1.0	39.0	20.0	55.0	15.0	2.1	0.0	9.6	7.5	6.0
42.0	1.0	4.0	31.0	13.0	79.0	26.0	1.9	0.0	9.8	4.3	6.0
53.0	10.0	7.0	31.5	17.0	91.0	33.0	2.1	0.0	7.6	5.0	6.0
47.0	1.0	13.0	29.0	10.5	84.0	27.0	1.1	0.0	9.5	4.4	6.0
22.0	8.0	2.0	28.0	22.5	92.0	59.0	0.8	6.0	0.0	4.0	6.0
12.0	9.0	4.0	30.0	23.0	78.0	61.0	4.7	0.0	4.2	5.2	6.0
47.0	12.0	16.0	32.0	11.0	82.0	27.0	1.0	0.0	10.1	4.2	6.0
1.0	9.0	8.0	34.0	24.0	90.0	56.0	1.6	0.0	7.9	6.6	6.0
5.0	4.0	2.0	41.0	24.0	75.0	21.0	3.2	2.6	7.7	9.8	6.0
1.0	9.0	5.0	29.5	21.5	95.0	78.0	0.8	6.0	2.5	2.1	6.0
1.0	9.0	9.0	29.0	21.5	100.0	72.0	0.3	26.2	3.0	1.4	6.0
5.0	8.0	4.0	29.0	22.0	84.0	66.0	3.5	13.6	1.9	4.7	6.0
22.0	8.0	4.0	31.0	23.5	81.0	41.0	9.8	0.6	0.6	5.8	6.0
1.0	9.0	9.0	29.5	21.5	95.0	78.0	0.8	6.0	2.5	2.1	6.0
1.0	9.0	8.0	34.0	24.0	90.0	56.0	1.6	0.0	7.9	6.6	6.0
53.0	10.0	8.0	26.5	22.0	98.0	77.0	2.7	20.2	0.0	1.8	6.0
27.0	9.0	2.0	24.0	22.5	95.0	78.0	0.5	28.2	0.2	2.4	6.0
42.0	4.0	7.0	41.0	25.5	59.0	19.0	1.9	0.0	10.5	8.8	6.0
1.0	9.0	12.0	30.0	23.0	78.0	61.0	4.7	0.0	4.2	5.2	6.0
42.0	3.0	10.0	37.0	21.5	61.0	36.0	1.3	0.0	8.5	5.9	6.0
23.0	1.0	18.0	30.5	20.0	79.0	46.0	1.8	0.0	9.2	4.8	6.0
22.0	9.0	4.0	34.0	24.0	90.0	56.0	1.6	0.0	7.9	6.6	6.0
53.0	11.0	22.0	32.0	14.5	79.0	49.0	1.8	0.0	8.0	3.8	6.0
27.0	3.0	2.0	36.5	22.0	84.0	21.0	2.3	0.0	9.0	7.2	6.0
44.0	9.0	1.0	29.5	21.5	95.0	78.0	0.8	6.0	2.5	2.1	6.0
31.0	11.0	10.0	32.0	14.5	79.0	49.0	1.8	0.0	8.0	3.8	6.0
