-0.662066
0.451180
0.166959
-0.972437
-0.547539
0.735624
0.617610
-0.039874
0.013438
0.598574
0.788972
-0.051106
-0.289532
0.154530
0.746299
-0.384253
0.255892
0.183719
0.565525
0.380489
-0.206274
0.743180
-0.544347
0.468765
0.380012
0.737836
0.546220
0.238154
-0.179853
0.899298
-0.075306
0.590706
0.583596
-0.178919
-0.175155
0.121017
-0.577187
0.809636
0.381883
0.492549
-0.102472
0.650651
-0.897379
1.003405
-0.859424
0.270454
0.378475
-0.071539
-0.231564
-0.470598
-0.431642
-0.549609
0.172114
0.718093
-0.776035
0.253852
0.035005
0.718318
0.056195
-0.594893
-0.731563
-0.065554
-0.838845
0.913787
-0.079841
0.016586
0.633349
-0.516662
-0.058713
-0.469074
0.276904
-0.432480
0.649026
0.837764
0.548029
0.081415
0.071121
0.532900
0.180441
0.809902
-0.597179
0.897143
-0.027226
-0.657684
0.314640
-0.162085
0.706022
0.473052
0.113918
0.274660
0.091348
-0.010308
0.453415
-0.720581
-0.274742
-0.143687
-0.227359
-0.641601
-0.939333
-0.467892
-0.706278
-0.357076
0.309515
-0.658943
-0.197947
