-0.225767
0.152041
0.123300
-0.259647
-0.233580
0.008340
0.160073
-0.050424
-0.009810
0.002690
0.209681
-0.101009
-0.066602
0.045977
0.160756
-0.043431
0.210108
0.055541
0.050085
0.140382
-0.204080
0.203483
-0.124708
0.136055
0.087846
0.188800
0.040545
0.174756
-0.144218
0.149055
-0.081230
0.110505
0.054247
-0.181576
-0.158488
-0.047622
-0.135094
0.039548
0.023521
-0.021789
-0.144536
0.048284
-0.260069
0.176750
-0.109535
0.066602
0.171230
-0.089516
-0.096764
-0.012337
-0.145541
-0.209319
0.099906
0.146744
-0.194817
0.018247
0.040477
0.022912
-0.046339
-0.124260
-0.100465
-0.018506
-0.235014
0.201118
-0.121762
-0.111375
0.047598
-0.202711
-0.077803
-0.085030
0.143192
-0.045434
0.141679
0.083751
-0.030384
0.021392
0.005949
0.074344
0.161924
0.052706
-0.237150
0.127167
-0.083782
-0.214963
0.114621
-0.168968
0.104324
-0.000115
-0.023357
0.026686
0.020314
-0.031095
0.214559
-0.218987
-0.112732
-0.155123
-0.001975
-0.062209
-0.189224
-0.149426
-0.227360
0.047071
0.102298
-0.142391
-0.216087
