0.384166	0.138973	0.099353	-0.759782	-0.341544	0.255748	0.162976	-0.043737	-0.013310	-0.037768	0.066066	-0.061061	-0.091744	0.075115	0.143081	-0.109352	0.709557	0.051587	0.039798
0.350848	-0.223509	0.081158	-0.255770	0.138167	0.613919	0.002431	-0.005741	0.068499	-0.109653	0.048066	-0.140773	0.029538	0.157008	-0.206241	-0.182571	0.390961	-0.138464	-0.038387
-0.480000	-0.053637	-0.087046	0.120349	-0.364785	0.451312	0.097837	0.000687	0.128992	0.106289	0.333330	-0.024561	-0.071947	-0.162844	0.070282	0.233427	-0.230685	-0.001492	0.129235
0.019914	0.008924	-0.089162	-0.108255	0.029830	-0.232123	0.149088	-0.093829	-0.009361	0.052621	-0.115215	-0.044424	-0.048993	0.108468	-0.019326	0.125222	0.262354	0.039144	0.035365
0.093278	0.017450	0.073042	0.597147	-0.560518	-0.308100	-0.156318	-0.167461	0.074665	-0.231744	0.337009	-0.030626	0.104388	0.388118	-0.052888	0.067121	0.428781	-0.165408	-0.124318
0.038210	-0.005109	-0.037815	-0.010068	0.019955	-0.465883	0.022220	0.083683	-0.125642	-0.120661	0.119488	0.123864	-0.025221	-0.025191	0.059730	0.162557	-0.070629	0.143554	0.130099
0.218824	-0.149059	-0.084863	0.152406	-0.204278	0.344411	-0.030048	-0.105357	-0.149081	0.504899	-0.036477	0.103348	-0.064380	-0.291132	-0.078966	0.025489	-0.423127	0.004396	-0.108945
-0.363542	-0.151468	-0.081788	0.179322	0.340395	-0.209627	0.001994	-0.038383	-0.030749	-0.334066	0.103623	-0.123974	0.078742	0.198522	0.024889	0.090657	-0.081828	-0.001681	0.074733
-0.430307	-0.185989	-0.181197	0.491321	0.460786	0.064235	-0.282053	0.115339	-0.029073	0.181130	0.027870	0.039715	0.197741	-0.122985	0.042671	-0.295385	-0.298734	-0.175950	-0.268910
0.252531	0.098175	-0.091086	-0.193927	0.030054	-0.010476	0.169398	0.136928	0.031835	-0.060375	-0.021037	-0.088394	0.084975	-0.115414	-0.122460	0.099679	-0.189197	0.064147	0.073668
0.219096	0.084319	0.103195	0.145993	0.334859	-0.424888	-0.014605	-0.085180	-0.130929	0.570773	0.098818	-0.169094	0.066806	-0.343290	-0.102875	0.286125	-0.295963	-0.106745	-0.006498
-0.241384	-0.017922	0.116951	0.374912	0.055290	0.005564	0.168035	0.118612	-0.157322	0.269771	-0.174841	0.082935	0.071346	0.058589	0.001746	-0.191657	0.130162	-0.060610	0.027613
0.070809	-0.141847	0.135310	0.025873	0.092223	-0.739481	-0.149947	-0.032377	0.112068	-0.070258	-0.400037	0.049395	0.253535	0.465045	0.090136	0.106444	0.424229	0.057278	0.285133
0.320828	-0.201064	-0.010781	0.413136	-0.246612	0.468513	-0.113070	-0.055253	-0.051865	-0.222143	-0.294056	-0.043009	-0.107720	-0.360964	0.066694	0.317886	-0.014483	-0.004642	0.086608
-0.224569	0.022303	0.078281	0.642760	-0.143658	-0.596541	0.182341	0.004556	-0.097145	-0.036669	0.046329	0.022643	-0.028100	-0.134453	0.112003	-0.068395	0.118797	0.126363	0.081495
0.077973	-0.146478	-0.037095	0.391497	0.168236	-0.509902	0.094105	-0.268508	-0.188760	-0.124648	0.038048	-0.263779	0.260391	-0.206649	-0.117904	0.317346	0.361239	-0.175499	-0.116093
0.314236	0.045733	-0.192223	0.362165	-0.054823	0.385304	0.029533	-0.108759	-0.218102	-0.241720	-0.347615	-0.222096	-0.215973	-0.399287	-0.087521	0.500142	0.143478	0.006016	-0.326181
0.379027	-0.031898	0.075764	0.070003	-0.191168	0.051996	-0.418372	0.093853	-0.067760	-0.205720	-0.180523	0.033079	-0.064815	-0.221253	-0.217033	0.317063	0.685421	-0.061428	-0.143379
-0.631000	-0.031234	-0.062622	-0.226811	-0.107419	0.332733	-0.029218	0.065129	0.073566	0.066118	0.100704	0.047223	-0.043491	0.327172	-0.061448	-0.105478	0.200129	-0.014417	0.174142
-0.418432	-0.170901	-0.108569	0.127726	0.558252	0.514335	-0.069861	0.049516	-0.111779	0.280021	0.056175	-0.145096	0.165182	-0.231097	0.039893	0.118765	-0.084598	-0.041750	-0.110630
0.284709	-0.152231	0.082196	0.272329	0.109333	-0.608843	0.473606	-0.186327	-0.187096	-0.137518	-0.410262	-0.042853	0.017507	0.077214	-0.096124	0.393055	-0.196607	-0.029515	-0.150352
0.314877	0.064683	-0.037649	0.333625	0.140632	-0.115433	0.079550	-0.034802	-0.119854	0.030525	0.440715	-0.052423	-0.088833	-0.251052	0.059859	0.372986	-0.463971	0.018769	-0.268421
-0.501301	-0.040129	-0.130458	0.124917	-0.013956	0.197504	0.142192	-0.015753	-0.160966	0.218124	0.172449	-0.051361	0.126635	-0.213030	0.023056	-0.109899	0.057362	-0.107591	0.258914
0.411990	-0.273244	-0.138630	0.266325	-0.566806	0.519628	0.522971	-0.136454	-0.067707	-0.050128	-0.120441	-0.322445	-0.234345	0.319255	-0.180705	-0.233694	-0.468467	-0.134132	0.523018
0.388715	-0.078728	-0.228865	0.321716	0.580428	0.347847	0.298511	-0.061227	-0.029735	-0.079050	0.110034	-0.136987	-0.147956	-0.316983	-0.035073	-0.675102	0.421481	-0.101786	-0.211028
0.310229	-0.028076	0.150252	0.179431	0.098458	-0.520840	-0.014027	0.057159	0.080987	0.233735	0.080941	-0.016978	-0.078031	-0.107272	-0.098370	-0.062538	0.224602	0.134423	-0.088249
0.149597	-0.065237	-0.040496	0.158538	0.064202	0.041240	0.021034	-0.135232	-0.128999	0.003651	-0.056891	-0.163170	0.050507	-0.161320	0.046412	-0.034021	-0.116031	-0.022483	0.137277
-0.463502	-0.092773	0.029819	-0.422890	0.174130	0.220627	-0.083773	0.087995	-0.049712	-0.011874	-0.082788	0.001911	0.304713	0.206712	0.004868	0.050762	-0.322987	-0.173702	0.381335
-0.135055	0.025836	-0.049934	0.187909	-0.229441	-0.372778	0.215355	-0.026464	-0.100290	-0.091253	0.117032	0.129011	-0.062708	-0.076668	0.061673	0.172058	0.034734	-0.036853	-0.054574
0.307180	0.044383	-0.092209	0.550154	-0.541258	0.202757	-0.144832	-0.062017	-0.110225	0.231736	-0.208830	-0.170897	0.135773	-0.364168	-0.174288	-0.376399	0.557214	0.012602	-0.040473
0.052072	0.106260	-0.122812	0.441247	0.316046	0.253756	-0.054897	0.069457	-0.006420	-0.038480	0.065712	0.122297	-0.030808	-0.156669	-0.022372	-0.051885	-0.103081	0.127703	0.050994
0.406514	-0.013637	-0.160353	0.327820	0.299192	0.555070	0.341995	-0.169312	-0.143730	-0.387071	-0.381800	-0.057587	-0.097484	0.238791	0.020239	-0.246499	-0.447142	-0.068381	0.264765
-0.324689	-0.017912	0.120560	0.021899	-0.129078	0.474957	0.089774	-0.048094	-0.020689	-0.014099	0.039676	0.041227	-0.129171	0.019503	-0.099170	-0.186353	-0.191181	0.107173	-0.168970
0.300067	0.012528	-0.104483	0.139408	0.175243	0.244799	-0.329753	-0.129118	0.067957	-0.267525	-0.051370	-0.070096	-0.109252	-0.120760	0.044751	0.073917	0.557895	-0.050289	-0.134853
0.271259	0.054531	0.056062	-0.297216	-0.741065	0.348826	0.029891	0.140034	0.147630	0.200039	-0.142464	-0.128624	0.035541	0.352476	0.033424	-0.047888	0.060784	0.025221	0.002762
0.418728	-0.088506	-0.212445	0.279117	-0.094215	-0.330875	0.036921	-0.006113	0.080959	0.227032	0.048865	-0.099212	0.136487	0.014440	0.048707	-0.096971	0.326560	-0.151035	-0.189446
0.248359	-0.223048	-0.164270	0.153959	0.307865	0.385940	-0.236234	-0.014549	0.003667	0.241674	-0.020591	-0.133745	0.119598	0.043047	-0.270619	-0.478751	0.183973	-0.187351	-0.159531
0.151287	-0.169150	-0.159715	-0.553257	0.271066	-0.252824	0.140734	-0.021327	-0.038225	0.055901	-0.035080	-0.149607	-0.201449	-0.038705	-0.065221	-0.020169	0.491060	-0.020230	0.068273
-0.431330	-0.154091	0.017273	0.334188	0.004879	0.257561	0.036034	-0.070954	0.104665	0.060073	0.084455	-0.136026	-0.100791	-0.019542	0.101388	0.145280	0.127886	0.070657	0.110503
0.564779	-0.124354	-0.184042	0.364606	-0.464937	0.004033	-0.399422	-0.162023	-0.183690	0.062824	0.684337	-0.153799	-0.302985	-0.166760	-0.069145	0.540948	-0.311512	-0.066965	-0.015091
0.106496	0.039115	0.067193	0.289095	-0.346349	0.111275	0.031064	-0.149241	-0.005058	0.189668	-0.080321	0.056130	-0.178014	0.347686	-0.071426	-0.021697	0.073842	-0.149097	-0.130676
0.221111	-0.068214	-0.036432	-0.084667	-0.197667	0.252620	0.152581	0.069651	0.058246	-0.035088	-0.199289	0.112691	-0.029633	0.279519	-0.080697	-0.140596	0.238701	-0.135016	0.181908
0.425520	0.045583	0.034034	0.144418	0.165423	0.139416	0.152439	0.023702	-0.219673	0.096646	0.413762	-0.015636	-0.090782	0.662872	-0.158166	0.050165	-0.890205	-0.185031	-0.139742
0.204576	-0.204826	-0.013615	-0.100571	0.129273	0.172630	0.432099	0.015208	-0.179821	-0.055622	-0.460937	-0.194944	-0.352001	0.260169	-0.259835	0.693603	0.220021	-0.225740	-0.448087
0.213592	-0.045539	-0.219091	0.771258	-0.059797	0.367597	-0.237615	-0.305915	0.022469	-0.188700	-0.171998	-0.181875	-0.240000	0.656583	-0.050578	-0.029121	0.398856	-0.083882	0.008829
0.132226	-0.017058	-0.217015	0.267788	0.649669	0.277220	-0.302757	-0.054016	-0.018005	-0.009585	0.134620	-0.092437	-0.188309	0.107681	-0.123588	-0.190957	0.262858	-0.051778	-0.212237
0.500524	-0.103215	-0.032209	0.355756	-0.143981	0.043082	0.237883	-0.258808	-0.111719	-0.099105	0.037129	0.016663	0.001879	0.239088	-0.253906	-0.704589	0.528715	-0.073227	-0.002953
0.028209	-0.094757	0.076958	-0.168215	0.248749	0.123802	-0.149620	-0.040967	-0.116902	-0.155182	-0.176571	0.137517	0.099274	-0.142151	-0.075805	-0.056733	-0.236998	0.016559	0.002152
-0.260734	-0.106710	-0.157548	0.201410	0.005871	0.317585	-0.068900	0.058391	-0.210564	0.274108	0.290731	0.006417	0.081671	-0.234555	-0.145128	0.241762	-0.193549	0.093743	0.273182
0.342640	-0.122455	-0.083436	0.171380	0.427501	0.527820	-0.561134	-0.244376	-0.045814	-0.397124	-0.505281	-0.212000	-0.072574	0.481902	-0.066894	0.390551	0.167351	-0.013342	0.162844
0.155401	-0.134094	-0.117538	0.330307	-0.086499	-0.083612	0.035802	-0.078194	-0.029572	0.058225	0.153480	0.013728	0.022426	-0.120659	-0.042814	0.206052	-0.279016	0.081749	0.124931
-0.056862	-0.035824	0.059906	0.013934	0.241378	-0.247955	0.072216	0.093313	0.084698	0.084459	-0.077357	0.025993	0.095771	-0.056286	0.047268	-0.142688	0.352987	-0.050616	0.079000
-0.310845	-0.037536	0.125725	0.436106	-0.038932	-0.321328	0.038643	-0.001044	0.080536	0.063792	-0.019199	0.119702	-0.035855	0.144447	-0.109976	-0.178665	0.086944	-0.111912	-0.136612
-0.185264	-0.003082	0.012601	0.355897	-0.358426	0.060846	-0.280185	-0.118283	0.103872	0.390236	-0.008083	0.029030	0.230947	-0.166959	0.031105	0.253168	-0.298832	-0.041984	0.237093
0.244550	-0.148233	-0.168686	-0.135537	-0.351910	0.553517	-0.372235	-0.072693	-0.164272	-0.273069	-0.332846	-0.156445	0.117324	0.154901	-0.136864	-0.048780	0.563933	-0.092128	0.040793
-0.054598	-0.031739	0.114773	-0.528804	0.341184	-0.303232	0.061116	-0.094139	-0.034828	-0.219669	0.113967	0.010154	-0.108012	0.187825	0.074903	0.137696	-0.189330	-0.021842	-0.105388
-0.011358	-0.123958	-0.136123	-0.305029	-0.083729	-0.443389	0.313155	-0.038488	0.111003	-0.134786	0.145393	0.138541	-0.014389	-0.167697	0.031814	-0.120343	0.359244	0.000625	-0.050735
0.341939	-0.053721	0.018232	-0.649475	0.065429	0.061346	-0.064410	0.132158	0.119103	-0.199382	-0.201603	-0.010346	0.091106	0.280914	-0.030785	0.282907	-0.075343	0.091875	0.147633
0.230318	0.108628	0.004610	0.039570	0.103860	0.201106	-0.659362	-0.124140	0.048703	0.102422	-0.241288	0.037801	-0.207290	0.213207	-0.069932	0.547675	0.112963	-0.034550	-0.197091
-0.467790	0.095143	0.062397	0.530585	-0.268451	-0.146517	-0.320721	-0.034044	0.042263	-0.227409	0.463358	-0.094834	0.167852	0.532959	0.086374	0.058484	0.081895	-0.164987	-0.017916
-0.850755	0.082363	0.131449	0.165083	0.575276	0.117275	0.322251	0.039997	-0.028664	0.229252	0.094385	-0.015911	-0.092688	-0.247782	-0.132138	-0.129570	-0.055721	-0.162773	-0.247287
0.309488	0.115855	-0.038501	-0.181745	-0.039168	-0.357435	-0.000152	0.097101	-0.112115	0.261449	-0.102888	-0.020604	0.106015	-0.066996	-0.107318	-0.217752	0.216883	-0.094354	-0.139763
-0.382162	-0.145595	0.073172	0.039772	-0.182831	0.163963	0.141278	-0.025074	-0.051785	0.096642	0.231508	-0.057156	-0.157450	0.168600	0.063277	0.072903	0.212667	0.067742	0.063846
-0.073154	-0.027547	0.036728	0.264329	-0.178126	-0.292888	0.210074	0.038633	0.105598	-0.205395	-0.047119	-0.094240	0.079180	0.111872	-0.166433	0.052711	0.080970	-0.089292	-0.099432
-0.401455	-0.011159	-0.112997	0.072818	-0.395910	0.473683	0.237332	-0.053147	-0.090082	0.253911	0.059901	0.118542	0.271197	-0.096205	0.122742	0.047668	-0.340651	-0.111813	0.346856
-0.321664	0.071454	-0.135833	-0.547571	0.339485	0.151606	0.178539	-0.078745	0.124594	-0.230580	-0.070581	0.147709	0.001723	0.300991	0.116889	-0.096591	0.038589	-0.160886	-0.007938
0.387656	-0.206282	-0.243915	0.006285	0.452994	-0.208232	0.490336	-0.276875	-0.253379	0.202762	-0.061044	-0.034427	-0.402534	-0.143303	-0.169988	0.247984	0.207407	-0.162961	-0.261391
-0.562252	0.039090	-0.103729	-0.183649	0.063405	0.245277	0.024246	-0.097928	-0.050177	0.218746	0.057112	0.080003	0.138195	-0.126807	0.040900	0.069546	-0.010873	-0.068306	-0.023863
0.331693	0.068672	-0.139251	0.175620	-0.200900	-0.585809	-0.358548	-0.058210	-0.164798	-0.207685	0.095849	-0.015343	0.101087	0.534176	-0.092768	-0.047455	-0.251245	0.106230	0.405605
0.384526	-0.227351	-0.093661	0.409280	0.164337	0.408489	0.539839	-0.181921	-0.238699	-0.242300	-0.069342	0.023801	-0.353510	-0.210501	-0.009746	-0.251272	0.106506	-0.236935	-0.046402
0.226213	0.015877	-0.025030	0.316871	0.007036	0.108039	-0.239758	-0.146467	-0.109680	-0.130182	0.320193	-0.073241	-0.219311	-0.532427	0.046746	0.279113	0.367744	0.077942	-0.165486
0.431598	-0.163984	-0.035407	-0.625759	-0.076284	0.187589	-0.385622	0.138336	0.036298	-0.080197	0.264228	-0.058105	0.073234	-0.022034	-0.138802	0.023017	0.113004	-0.128805	-0.143109
-0.278863	-0.041320	0.068414	-0.428466	-0.047089	0.039494	0.141385	-0.069157	0.111840	0.014032	0.113813	-0.171992	-0.173778	0.408749	-0.161366	0.165651	0.315386	0.092730	-0.077124
0.235396	0.026821	-0.121511	-0.399925	0.017780	-0.254435	-0.226709	-0.006460	0.123285	0.178272	-0.130240	-0.070325	0.044418	0.344870	0.001581	-0.256250	-0.030460	0.083351	0.049375
0.311762	-0.154617	0.038989	-0.737492	-0.112019	0.351801	0.492543	-0.168403	0.068069	-0.106826	-0.136475	-0.145064	-0.007130	-0.228537	0.066428	-0.093283	0.295331	-0.089104	0.092813
0.204070	-0.108510	-0.012129	-0.770698	0.193974	0.350254	0.138380	-0.108658	-0.040156	0.077255	0.162651	-0.069899	-0.072828	0.240438	0.091946	0.750802	-0.234740	-0.072941	-0.151628
0.479263	-0.153884	0.126708	-0.199052	-0.028757	-0.039192	0.009979	0.079463	-0.069216	-0.077284	-0.188029	-0.144095	0.036587	-0.124600	0.057720	-0.232545	-0.231786	-0.032341	-0.081024
-0.083419	0.005851	-0.120485	0.367099	0.280500	0.395927	0.097318	-0.002766	-0.047009	0.039682	-0.139580	-0.110731	-0.213118	0.012467	-0.117377	0.038116	0.079444	-0.104328	0.054371
0.035969	-0.156821	-0.110262	-0.264232	0.061202	0.692318	0.303578	0.056027	0.143672	0.113252	-0.135940	0.049725	-0.027261	-0.241635	0.005095	0.090257	-0.367697	0.132719	-0.176794
0.435478	-0.027961	-0.049310	0.570273	0.015300	0.451850	0.037715	0.049515	-0.203756	0.079360	-0.450756	0.019347	-0.093708	-0.354562	-0.138809	0.172244	-0.557026	-0.008419	0.048366
-0.163893	0.147907	-0.110980	0.037663	-0.189465	0.095211	-0.162770	0.078700	-0.122280	0.162329	0.184453	0.142665	0.241335	0.142878	-0.078589	-0.028829	-0.140123	0.021782	-0.166385
-0.353306	0.103729	-0.167333	-0.055328	-0.217199	0.288322	0.621444	-0.062359	-0.054904	0.075677	0.018406	0.015063	0.078364	-0.240547	-0.174862	0.504656	-0.145949	-0.090324	-0.007848
0.089371	-0.145108	0.079262	0.007497	0.309420	-0.338419	0.171254	-0.093540	-0.156991	0.048874	0.275813	-0.066660	0.146905	0.155400	-0.184715	-0.361940	-0.278679	0.076232	0.095699
-0.551819	-0.095430	-0.119743	0.308738	0.104591	0.182616	-0.267241	-0.020632	-0.076057	-0.074526	-0.131392	0.023255	0.029592	0.131147	-0.005852	0.081799	-0.122528	-0.132313	0.088161
0.159648	0.097888	-0.021472	0.150918	0.118740	-0.041538	-0.480027	-0.120984	0.100478	-0.066816	-0.184219	0.091607	-0.049560	-0.065771	0.049984	0.492917	0.392906	-0.022463	-0.210552
0.102395	0.116394	-0.030227	-0.616542	0.168781	0.351226	-0.268696	-0.055832	0.080015	-0.150780	-0.216970	-0.088168	-0.085909	-0.185832	0.041782	0.318265	0.074838	0.112058	-0.144515
0.079673	0.088573	0.023572	0.274267	0.006043	-0.193404	-0.027992	0.123024	0.104232	-0.042476	-0.034399	-0.117010	0.033227	-0.195319	-0.046205	0.128238	-0.153939	-0.026478	0.022895
-0.004872	0.143628	-0.091641	-0.078909	0.035845	0.322832	-0.041801	-0.123336	0.106263	0.071308	-0.147192	-0.013004	-0.149518	0.307865	0.136429	-0.105421	0.118214	-0.150698	-0.204910
0.404458	-0.240658	-0.033283	0.202701	0.167990	0.424445	-0.334454	-0.003127	-0.124170	-0.066516	-0.115856	-0.252688	-0.212996	-0.059687	-0.043656	0.317071	0.417763	-0.168924	-0.254254
0.116983	-0.041312	0.086073	-0.097614	-0.288782	-0.121034	0.173371	0.025582	-0.027049	-0.064649	-0.089861	0.111381	0.005399	0.102661	0.132510	-0.102865	0.263487	0.111566	0.123845
0.202661	-0.135267	-0.216433	0.428271	0.524661	-0.355050	0.273836	-0.202990	-0.236685	-0.344902	0.121845	-0.024383	-0.209632	-0.044290	-0.086221	0.068785	0.423119	-0.187599	-0.170157
-0.837312	-0.117378	-0.000312	-0.115008	0.075014	0.131641	-0.237613	-0.073876	0.040321	-0.347080	0.297588	0.085764	-0.085492	0.009337	-0.055440	0.462694	0.538993	-0.151709	-0.300356
0.394612	-0.074378	-0.180188	0.080540	0.013077	0.169702	0.578549	-0.072156	-0.207544	0.288536	0.305210	-0.010224	-0.259473	-0.034873	-0.151605	-0.532389	-0.217384	-0.106011	0.189824
0.369498	-0.162659	0.017691	-0.092570	0.128233	-0.219111	-0.033618	0.110437	0.029834	-0.029523	0.130706	-0.061964	-0.033824	0.016996	0.159623	0.205529	-0.180399	-0.032248	0.030721
-0.648180	-0.066258	-0.135517	0.308028	0.055348	0.558838	0.104689	0.045570	-0.186677	0.158871	-0.144459	0.035413	0.341042	-0.306647	0.092926	-0.097521	-0.023470	-0.151646	0.254426
0.120781	-0.086295	-0.114847	-0.059013	0.078050	-0.137139	0.013387	0.036599	0.134374	-0.150950	0.015000	-0.071722	-0.024402	0.077102	0.027536	0.067357	0.082442	-0.128256	0.051673
-0.820095	-0.168756	0.020462	0.090005	-0.006842	-0.049256	0.293905	0.046152	-0.098945	0.159366	0.318143	-0.038596	0.385094	0.139305	0.069011	0.089764	0.041013	0.039732	-0.021194
-0.189321	0.061993	0.019879	-0.003734	-0.382030	0.358379	-0.143340	-0.082558	0.142485	0.097335	0.044140	0.066809	-0.068461	0.000695	-0.173496	0.334387	-0.109547	0.113128	-0.050908
0.159249	0.085655	-0.116430	0.601441	-0.483543	-0.494190	-0.026508	0.112968	-0.126699	-0.079041	-0.017816	-0.018817	0.135558	0.271209	-0.115611	0.491853	-0.301721	0.053049	0.086055
0.223750	-0.103074	-0.119476	0.201846	0.520022	-0.041696	-0.548726	-0.005999	0.042012	-0.186834	0.298653	0.026373	0.375428	-0.198992	-0.111035	-0.360119	0.118319	-0.028686	-0.277391
