0.0 0.0 0.0 0.0 0.0 0.0 0.0 1.0 0.0 0.0 0.0 0.0 0.0 0.0 0.0 0.0 0.0 0.0 0.0 0.0 0.0 0.0 0.0 0.0 0.0 0.0 0.0 0.0 0.0 0.0 0.0 0.0 0.0 0.0 0.0 0.0 0.0 0.0
0.12084592145 0.0 0.0 0.00151057401813 0.333836858006 0.0151057401813 0.00151057401813 0.0604229607251 0.0 0.00151057401813 0.0 0.0181268882175 0.0 0.0 0.0 0.0 0.0 0.0 0.0 0.0 0.0 0.0 0.0 0.0 0.0 0.0 0.00151057401813 0.0 0.0 0.0 0.0 0.0 0.0 0.0 0.0 0.0 0.0 0.0
0.0 0.0 0.0 0.1 0.0 0.2 0.0 0.2 0.0 0.0 0.2 0.0 0.0 0.0 0.0 0.0 0.0 0.0 0.0 0.0 0.0 0.0 0.0 0.0 0.0 0.0 0.0 0.0 0.0 0.0 0.0 0.0 0.0 0.0 0.0 0.0 0.0 0.0
0.0 0.0 0.0 0.0769230769231 0.0 0.0 0.0 0.0769230769231 0.0 0.0 0.0 0.0 0.0 0.0 0.0 0.0 0.0 0.0 0.0 0.0 0.0 0.0 0.0 0.0 0.0 0.0 0.0 0.0 0.0 0.0 0.0 0.0 0.0 0.0 0.0 0.0 0.0 0.0
0.0361445783133 0.0602409638554 0.0 0.0 0.00602409638554 0.0 0.0 0.0903614457831 0.16265060241 0.0 0.0 0.114457831325 0.0 0.0 0.0 0.0 0.0 0.0 0.0 0.0 0.0 0.0 0.0 0.0 0.0 0.0 0.0 0.066265060241 0.0 0.0 0.0 0.0 0.0 0.0 0.0 0.0 0.0 0.0
0.0614754098361 0.0573770491803 0.0 0.401639344262 0.131147540984 0.0450819672131 0.0 0.229508196721 0.0 0.0 0.0 0.102459016393 0.0 0.0 0.0 0.0 0.0 0.0 0.0 0.0 0.0 0.0 0.0 0.0 0.0 0.0 0.0 0.00409836065574 0.135245901639 0.0 0.0286885245902 0.0 0.0 0.0 0.0 0.0 0.0 0.0
0.00925925925926 0.037037037037 0.0 0.0462962962963 0.00925925925926 0.0 0.0 0.0185185185185 0.0 0.0 0.0 0.0 0.0 0.0 0.0 0.0 0.0 0.0 0.0 0.0 0.0 0.0 0.0 0.0 0.0 0.0 0.0 0.0 0.0 0.0 0.0833333333333 0.0 0.0 0.0 0.0 0.0 0.0 0.0
0.0 0.0 0.0 0.0 0.0 0.0 0.0 1.0 0.0 0.0 0.0 0.0 0.0 0.0 0.0 0.0 0.0 0.0 0.0 0.0 0.0 0.0 0.0 0.0 0.0 0.0 0.0 0.0 0.0 0.0 0.0 0.0 0.0 0.0 0.0 0.0 0.0 0.0
0.0595238095238 0.107142857143 0.0 0.0 0.0 0.0119047619048 0.0 0.0 0.0 0.0119047619048 0.0 0.107142857143 0.0 0.0 0.0 0.0 0.0 0.0 0.0 0.0 0.0 0.0 0.0 0.0 0.0 0.0 0.0 0.0 0.0119047619048 0.0 0.0 0.0 0.0 0.0119047619048 0.0 0.0 0.0 0.0
0.0 0.0 0.0 0.0 0.0 0.0 0.0 0.5 0.0 0.0 0.0 0.5 0.0 0.0 0.0 0.0 0.0 0.0 0.0 0.0 0.0 0.0 0.0 0.0 0.0 0.0 0.0 0.0 0.0 0.0 0.0 0.0 0.0 0.0 0.0 0.0 0.0 0.0
0.5 0.0 0.0 0.0 0.0 0.0 0.0 0.125 0.0 0.0 0.0 0.0 0.0 0.0 0.0 0.0 0.0 0.0 0.0 0.0 0.0 0.0 0.0 0.0 0.0 0.0 0.0 0.0 0.0 0.0 0.0 0.0 0.0 0.0 0.0 0.0 0.0 0.0
0.333333333333 0.0 0.0 0.444444444444 0.0 0.0 0.0 0.0 0.0 0.0 0.0 0.0 0.0 0.0 0.0 0.0 0.0555555555556 0.0 0.0 0.0 0.0 0.0 0.0 0.0 0.0 0.0 0.0 0.0 0.0 0.0 0.0 0.0 0.0 0.0 0.0 0.0 0.0 0.0
0.197647058824 0.0 0.0 0.0149019607843 0.156078431373 0.00078431372549 0.0 0.00627450980392 0.0 0.0305882352941 0.0 0.0 0.0 0.0588235294118 0.0 0.0 0.0 0.0 0.00156862745098 0.00313725490196 0.0 0.0109803921569 0.0 0.0564705882353 0.00078431372549 0.0 0.00235294117647 0.00470588235294 0.0 0.0 0.0 0.0 0.0 0.0 0.0 0.0101960784314 0.0 0.00078431372549
0.0281690140845 0.0 0.0 0.0 0.0 0.0 0.0 0.0 0.0 0.0 0.0 0.0 0.0 0.0 0.0 0.0 0.0 0.0 0.0 0.0 0.0 0.0 0.0 0.0 0.0 0.0 0.0 0.0 0.0 0.0 0.0 0.0 0.0 0.0 0.0 0.0 0.0 0.0
0.0 0.0 0.0 0.0 0.0 0.0 0.0 0.5 0.0 0.0 0.0 0.0 0.0 0.0 0.0 0.0 0.0 0.0 0.0 0.0 0.0 0.0 0.0 0.0 0.0 0.0 0.0 0.0 0.0 0.0 0.0 0.0 0.0 0.0 0.0 0.0 0.0 0.0
0.0555555555556 0.111111111111 0.0 0.0 0.0 0.0 0.0 0.416666666667 0.0277777777778 0.0 0.0 0.0 0.0 0.0 0.0 0.0 0.0 0.0 0.0 0.0 0.0 0.0 0.0 0.0 0.0 0.0 0.0 0.0 0.0 0.0 0.0555555555556 0.0 0.0 0.0 0.166666666667 0.0 0.0 0.0
0.666666666667 0.0 0.0 0.111111111111 0.0 0.111111111111 0.0 0.111111111111 0.0 0.0 0.0 0.0 0.0 0.0 0.0 0.0 0.0 0.0 0.0 0.0 0.0 0.0 0.0 0.0 0.0 0.0 0.0 0.0 0.0 0.0 0.0 0.0 0.0 0.0 0.0 0.0 0.0 0.0
0.0 0.0 0.0 0.0 0.0 0.0 0.0 0.0 0.0 0.0 0.0 0.0 0.0 0.0 0.0 0.0 0.0 0.0 0.0 0.0 0.0 0.0 0.0 0.0 0.0 0.0 0.0 0.0 0.0 0.0 0.0 0.0 0.0 0.0 0.0 0.0 0.0 0.0
0.0 0.0 0.0 0.0 0.0 0.0 0.0 0.0947368421053 0.0 0.147368421053 0.0 0.0 0.0 0.0 0.0 0.0 0.0 0.0 0.0 0.0 0.0 0.0 0.557894736842 0.0 0.0 0.0 0.0 0.0105263157895 0.0 0.0 0.0 0.0 0.0 0.0 0.0 0.0 0.0 0.0
0.347368421053 0.0 0.0 0.0 0.0105263157895 0.0 0.0 0.0 0.0 0.0105263157895 0.0 0.0 0.0 0.0 0.0 0.0 0.0 0.0 0.0 0.0 0.0 0.0 0.0 0.0 0.0 0.0 0.0 0.0 0.0 0.0 0.0 0.0 0.0 0.0 0.0 0.0 0.0 0.0
0.0119047619048 0.0 0.0 0.0 0.297619047619 0.0 0.0 0.0833333333333 0.0 0.0 0.0 0.0 0.0 0.0 0.0 0.0 0.0 0.0119047619048 0.0 0.0 0.0 0.0 0.0 0.0 0.0 0.0 0.0 0.0 0.0 0.0 0.0 0.0 0.0 0.0 0.0 0.0 0.0 0.0
0.0869565217391 0.347826086957 0.0 0.20652173913 0.0 0.0 0.0 0.152173913043 0.0 0.0 0.0 0.0 0.0108695652174 0.0 0.0 0.0 0.0 0.0 0.0 0.0 0.0 0.0 0.0 0.0 0.0 0.0 0.0 0.0108695652174 0.25 0.0 0.0108695652174 0.0 0.0 0.0 0.0 0.0 0.0 0.0
0.0328638497653 0.00234741784038 0.1220657277 0.340375586854 0.347417840376 0.0117370892019 0.0 0.161971830986 0.0 0.0 0.0 0.0 0.0 0.0 0.0 0.0 0.0 0.0 0.0 0.0 0.0 0.0 0.0 0.0 0.0 0.0 0.0 0.0164319248826 0.258215962441 0.0 0.00469483568075 0.0 0.0 0.0 0.00234741784038 0.0 0.0 0.0
0.0454545454545 0.0454545454545 0.0 0.0909090909091 0.0 0.0 0.0 0.181818181818 0.0 0.0 0.0 0.0 0.0 0.0 0.0 0.0 0.181818181818 0.0 0.0 0.0 0.0 0.0 0.0 0.0 0.0 0.0 0.0 0.0 0.272727272727 0.0 0.0 0.0 0.0 0.0 0.0 0.0 0.0 0.0
0.0 0.0 0.0 0.0 0.0 0.0 0.0 0.0 0.0 0.0 0.0 0.0 0.0 0.0 0.0 0.0 0.0 0.0 0.0 0.0 0.0 0.0 0.0 0.0 0.0 0.0 0.0 0.0 0.0 0.0 0.0 0.0 0.0 0.0 0.0 0.0 0.0 0.0
0.117647058824 0.0588235294118 0.0 0.176470588235 0.0 0.0 0.0 0.0 0.0 0.0 0.0 0.0 0.0 0.0 0.0 0.0 0.117647058824 0.0 0.0 0.0 0.0 0.0 0.0 0.0 0.0 0.0 0.0 0.0 0.352941176471 0.0 0.0 0.0 0.0 0.0 0.0 0.0 0.0 0.0
0.0967741935484 0.0 0.0 0.161290322581 0.0 0.0322580645161 0.0 0.225806451613 0.0 0.483870967742 0.0 0.0 0.0 0.0 0.0 0.0 0.0 0.0 0.0 0.0 0.0 0.0 0.0322580645161 0.0 0.0 0.0 0.0 0.0322580645161 0.0 0.0 0.0 0.0 0.0 0.0 0.0 0.0 0.0 0.0
0.0412371134021 0.113402061856 0.0 0.350515463918 0.0 0.0 0.0 0.484536082474 0.0 0.0 0.0 0.0 0.0 0.0 0.0 0.0 0.0 0.0 0.0 0.0 0.0 0.0 0.0 0.0 0.0 0.0 0.0 0.0309278350515 0.0309278350515 0.0 0.0103092783505 0.0 0.0 0.0 0.0 0.0 0.0 0.0
0.0 0.0 0.0 0.0 0.0 0.0 0.0 0.0 0.0 0.0 0.0 0.0 0.0 0.0 0.0 0.0 0.0 0.0 0.0 0.0 0.0 0.0 0.0 0.0 0.0 0.0 0.0 0.0 0.0 0.0 0.0 0.0 0.0 0.0 0.0 0.0 0.0 0.0
0.0 0.0 0.0 0.0 1.0 0.0 0.0 0.0 0.0 0.0 0.0 0.0 0.0 0.0 0.0 0.0 0.0 0.0 0.0 0.0 0.0 0.0 0.0 0.0 0.0 0.0 0.0 0.0 0.0 0.0 0.0 0.0 0.0 0.0 0.0 0.0 0.0 0.0
0.115207373272 0.0 0.0 0.00460829493088 0.248847926267 0.0322580645161 0.0 0.0967741935484 0.175115207373 0.00921658986175 0.0 0.0 0.0 0.0 0.0 0.0 0.0 0.0 0.0 0.0 0.0 0.0 0.0 0.0 0.0 0.0 0.00460829493088 0.0460829493088 0.0 0.0 0.0 0.0 0.0 0.0 0.0 0.00460829493088 0.0 0.0
0.0297339593114 0.26917057903 0.0 0.264475743349 0.018779342723 0.0 0.0 0.0344287949922 0.0 0.0 0.0 0.0093896713615 0.0 0.0 0.0 0.0 0.0125195618153 0.0 0.0 0.0 0.0 0.0 0.0 0.0 0.0 0.0 0.0 0.118935837246 0.115805946792 0.0 0.00156494522692 0.0 0.0 0.0 0.0 0.0 0.0 0.0
0.0355029585799 0.646449704142 0.0295857988166 0.00295857988166 0.00887573964497 0.00147928994083 0.0 0.0251479289941 0.00443786982249 0.0 0.0 0.0133136094675 0.00295857988166 0.0 0.00591715976331 0.0 0.0 0.00147928994083 0.0 0.0 0.0 0.0 0.00591715976331 0.0 0.0 0.0 0.0 0.0147928994083 0.0207100591716 0.0 0.0340236686391 0.0 0.0 0.0 0.0 0.0 0.00739644970414 0.0
0.0 0.0 0.0 0.0 0.0 0.0 0.0 0.0 0.0 0.0 0.0 0.0 0.0 0.0 0.0 0.0 0.0 0.0 0.0 0.0 0.0 0.0 0.0 0.0 0.0 0.0 0.0 0.0 0.0 0.0 0.0 0.0 0.0 0.0 0.0 0.0 0.0 0.0
0.0 0.0 1.0 0.0 0.0 0.0 0.0 0.0 0.0 0.0 0.0 0.0 0.0 0.0 0.0 0.0 0.0 0.0 0.0 0.0 0.0 0.0 0.0 0.0 0.0 0.0 0.0 0.0 0.0 0.0 0.0 0.0 0.0 0.0 0.0 0.0 0.0 0.0
0.0 0.0 0.0 0.5 0.0 0.0 0.0 0.0 0.0 0.0 0.0 0.0 0.0 0.0 0.0 0.0 0.0 0.0 0.0 0.0 0.0 0.0 0.0 0.0 0.0 0.0 0.0 0.0 0.0 0.0 0.0 0.0 0.0 0.0 0.0 0.0 0.0 0.0
0.0769230769231 0.0 0.0 0.0512820512821 0.0 0.0 0.0 0.0 0.0 0.0 0.0 0.0512820512821 0.0 0.0 0.0 0.0 0.0 0.0 0.0 0.0 0.0 0.0 0.0 0.0 0.0 0.0 0.0 0.0 0.0 0.0 0.0 0.0 0.0 0.0 0.0 0.0 0.0 0.0
0.0 0.333333333333 0.0 0.238095238095 0.0 0.0952380952381 0.0 0.285714285714 0.0 0.0 0.0 0.047619047619 0.0 0.0 0.0 0.0 0.0 0.0 0.0 0.0 0.0 0.0 0.0 0.0 0.0 0.0 0.0 0.0 0.047619047619 0.0 0.0 0.0 0.0 0.0 0.0 0.0 0.0 0.0
0.25 0.75 0.0 0.0 0.0 0.0 0.0 0.0 0.0 0.0 0.0 0.0 0.0 0.0 0.0 0.0 0.0 0.0 0.0 0.0 0.0 0.0 0.0 0.0 0.0 0.0 0.0 0.0 0.0 0.0 0.0 0.0 0.0 0.0 0.0 0.0 0.0 0.0
0.0 0.0606060606061 0.0 0.0 0.0 0.181818181818 0.0 0.0606060606061 0.0 0.030303030303 0.0 0.0 0.0 0.0 0.0 0.0 0.0606060606061 0.0 0.0 0.0 0.0 0.0 0.0 0.0 0.0 0.0 0.0 0.181818181818 0.0 0.0 0.0 0.0 0.0 0.0 0.0 0.0 0.0 0.0
0.0377358490566 0.00943396226415 0.0 0.528301886792 0.00943396226415 0.00943396226415 0.0 0.509433962264 0.0 0.0 0.0 0.0 0.0 0.0 0.0 0.0 0.0 0.0 0.0 0.0 0.0 0.0 0.00943396226415 0.0 0.0 0.0 0.0 0.0 0.00943396226415 0.0 0.0 0.0 0.0 0.0 0.0 0.0 0.0 0.0
0.0 0.0 0.0 0.0 0.0 0.0 0.0 0.0 0.0 0.0 0.0 0.0 0.0 0.0 0.0 0.0 0.0 0.0 0.0 0.0 0.0 0.0 0.0 0.0 0.0 0.0 0.0 0.0 0.0 0.0 0.0 0.0 0.0 0.0 0.0 0.0 0.0 0.0
0.0444444444444 0.0222222222222 0.0 0.0666666666667 0.0 0.0 0.0 0.488888888889 0.0 0.0111111111111 0.0666666666667 0.0 0.0 0.0 0.0 0.0 0.0 0.0 0.0 0.0 0.0 0.0 0.0 0.0 0.0 0.0 0.0 0.0 0.177777777778 0.0 0.0111111111111 0.0 0.0 0.0 0.0 0.0 0.0 0.0
0.0 0.0 0.0 0.0 0.0 0.0 0.0 0.0 0.0 0.0 0.0 0.0 0.0 0.0 0.0 0.0 0.0 0.0 0.0 0.0 0.0 0.0 0.166666666667 0.0 0.0 0.0 0.0 0.0 0.0 0.0 0.0 0.0 0.0 0.0 0.0 0.0 0.0 0.0
0.208333333333 0.0 0.0 0.0138888888889 0.319444444444 0.0 0.0 0.180555555556 0.0 0.0 0.0 0.0 0.0 0.0 0.0 0.0 0.0 0.0 0.0 0.0 0.0 0.0 0.0 0.0 0.0 0.0 0.0 0.0 0.0 0.0 0.0 0.0 0.0 0.0 0.0 0.0 0.0 0.0
0.027972027972 0.0 0.0 0.0 0.013986013986 0.0 0.0 0.0 0.0 0.0 0.0 0.0 0.0 0.00699300699301 0.0 0.0 0.0 0.0 0.0 0.0 0.0 0.0 0.0 0.0 0.0 0.0 0.0 0.0699300699301 0.0 0.0 0.0 0.0 0.0 0.0 0.0 0.0 0.0 0.0
0.0 0.0 0.0 0.0 0.0 0.0 0.0 0.0 0.0 0.0 0.0 0.0 0.0 0.0 0.0 0.0 0.0 0.0 0.0 0.0 0.0 0.0 0.0 0.0 0.0 0.0 0.0 0.0 0.0 0.0 1.0 0.0 0.0 0.0 0.0 0.0 0.0 0.0
0.0441176470588 0.156862745098 0.0 0.367647058824 0.137254901961 0.0 0.0 0.191176470588 0.0 0.0 0.0 0.0245098039216 0.00980392156863 0.0 0.0 0.0 0.0 0.0 0.0 0.0 0.0 0.00490196078431 0.0 0.0 0.0 0.0 0.0 0.00980392156863 0.093137254902 0.0 0.0147058823529 0.0 0.0 0.0 0.0 0.0 0.00980392156863 0.0
0.0 0.0 0.0 0.0 0.0 0.0 0.0 0.025 0.0 0.0 0.0 0.0 0.0 0.0 0.0 0.0 0.5 0.0 0.0 0.0 0.0 0.0 0.0 0.0 0.0 0.025 0.1 0.05 0.0 0.0 0.0 0.0 0.0 0.0 0.025 0.0 0.0 0.0
0.0 0.142857142857 0.0 0.0 0.571428571429 0.0 0.0 0.0 0.0 0.0 0.0 0.0 0.0 0.0 0.0 0.0 0.0 0.0 0.0 0.0 0.0 0.0 0.142857142857 0.0 0.0 0.0 0.0 0.142857142857 0.0 0.0 0.0 0.0 0.0 0.0 0.0 0.0 0.0 0.0
0.0 0.0 0.0 0.0 0.0 0.0 0.0 0.0 0.0 1.0 0.0 0.0 0.0 0.0 0.0 0.0 0.0 0.0 0.0 0.0 0.0 0.0 0.0 0.0 0.0 0.0 0.0 0.0 0.0 0.0 0.0 0.0 0.0 0.0 0.0 0.0 0.0 0.0
0.0 0.0909090909091 0.0 0.0 0.0 0.0 0.0 0.363636363636 0.0 0.0 0.0 0.0 0.0 0.0 0.0 0.0 0.0 0.0 0.0 0.0 0.0 0.0 0.0 0.0 0.0 0.0 0.0 0.0 0.0 0.0 0.0 0.0 0.0 0.0 0.0 0.0 0.0 0.0
0.159090909091 0.397727272727 0.0 0.0 0.0 0.0 0.0 0.0454545454545 0.0 0.0 0.0 0.0227272727273 0.0 0.0 0.0 0.0 0.0 0.0 0.0 0.0 0.0 0.0 0.0 0.0 0.0 0.0 0.0 0.0 0.0113636363636 0.0 0.0 0.397727272727 0.0 0.0 0.0 0.0 0.0 0.0
0.0705679862306 0.277108433735 0.0 0.376936316695 0.00344234079174 0.13769363167 0.0 0.0912220309811 0.00688468158348 0.00516351118761 0.0154905335628 0.013769363167 0.00172117039587 0.0 0.00172117039587 0.00172117039587 0.0275387263339 0.00344234079174 0.0 0.0 0.00172117039587 0.0 0.00860585197935 0.0 0.0 0.0 0.0 0.025817555938 0.115318416523 0.00688468158348 0.0 0.0 0.0103270223752 0.0 0.0189328743546 0.0 0.0 0.0
