epoch	function  	wts	bs	layers		   units 	 	  lr	 	trainacc 	  testacc     
5000	softmax		seed0	-1	5 		45,55,45,55,45		0.05		  79.6 		    59.8
										0.02		  61.23		    56.47
										0.1		  79.1		    64.5
			+-1	+-1						0.1		  27.47		    27.23
			seed0	-seed0			95,95,95,95,95		0.1		  63.9		    54.01
			seed0	-seed0			95 * 5		        0.1		  84.56		    63.84



95,95,45,75,95
95 75 95 95 75
95 25 45 95 95 85.2 61.6 
95 25 25 75 75 73.89 63.6
75 95 95 75 95
75 75 75 95 95	87.45 62.7
75 75 45 95 95
35 35 35 35 35 78.43 64.28
45 45 45 45 45 75.08  60.9
55 55 55 55 55 80.47  59.8
15 15 65 75 95 85.35 68.08
65 65 65 65 65 61.4  50.89
75 75 75 75 75 84.28 63.39
85 85 85 85 85 87.00 63.84
95 95 95 95 95 84.56 63.84
105 105 105 105 105 91.65 65.17



35*5 27.46 27.32
45*5 56.07 49.77
55*5 27.48 27.23
65*5 81.27 65.40
75*5 53.97 46.875
85*5 42.22 39.73
95*5 56.18 48.88
105*5 58.96 56.91
