35 59.8317563534 87.4518036842 52.9411792755 80.4953575134
45 65.545040369 89.4146502018 54.7987639904 82.6625406742
55 68.3140575886 90.8166825771 57.2755396366 85.4489147663
65 69.085174799 91.6929543018 56.3467502594 83.2817316055
75 66.7017161846 91.7981088161 55.7275533676 84.2105269432
85 70.3470051289 91.9733643532 56.6563487053 84.829723835
95 69.6109354496 93.7960028648 55.7275533676 84.829723835
105 70.837712287 94.0413594246 56.0371518135 84.2105269432
115 71.9242930412 94.5320725441 59.1331243515 87.925696373

